78 72 1
78 77 1
117 9 1
78 74 1
117 4 1
117 5 3
117 7 1
117 1 1
117 3 6
145 5 1
145 4 1
145 3 1
145 2 1
117 8 2
89 34 1
151 16 2
77 8 1
169 61 1
59 42 1
146 11 2
146 12 2
146 13 2
146 15 1
146 16 2
117 96 1
88 22 1
88 21 1
88 20 2
117 92 1
159 3 1
88 25 1
71 39 1
111 32 2
82 48 1
152 40 1
152 41 1
82 42 1
82 41 2
82 40 1
63 25 2
63 26 3
63 27 3
63 20 12
63 21 3
63 22 2
63 29 7
72 27 1
59 48 1
92 55 1
103 97 2
72 25 2
103 92 1
60 7 4
60 4 2
60 5 2
60 2 4
60 3 3
92 25 1
94 20 4
94 21 1
92 26 2
60 8 1
94 25 2
19 5 6
19 2 4
122 11 1
30 19 2
89 15 1
137 89 1
99 63 1
118 32 2
169 29 1
169 20 1
169 21 1
169 25 1
22 1 14
22 2 9
22 3 26
22 4 8
22 5 26
22 6 10
22 7 26
22 8 6
22 9 15
122 22 2
147 52 1
147 50 1
60 46 1
147 58 1
131 61 1
107 84 1
111 59 1
122 21 1
118 34 1
157 32 1
136 29 1
60 41 2
147 146 1
136 27 1
140 29 1
136 25 1
127 18 1
127 11 1
127 13 1
127 12 1
12 11 103
12 10 9
127 16 1
100 16 2
100 17 2
100 14 1
100 15 2
100 12 2
100 13 2
100 10 1
100 11 4
114 73 1
114 74 2
100 18 2
100 19 1
160 74 1
159 5 1
160 73 1
106 63 1
159 2 1
60 48 1
154 9 3
161 73 1
47 34 1
47 37 1
112 97 1
104 69 1
47 32 5
104 65 1
104 64 3
47 39 4
104 61 1
169 3 1
72 9 7
139 15 1
72 3 8
72 2 1
72 1 9
72 7 5
72 6 1
72 5 4
144 67 1
26 22 3
26 21 4
26 20 25
26 25 4
26 24 1
166 22 1
166 20 1
59 39 2
135 39 1
59 32 2
22 18 3
22 19 11
73 72 1
22 12 9
22 13 13
22 10 4
22 11 18
22 16 24
22 17 8
22 14 5
22 15 16
16 9 86
16 8 47
24 13 3
131 51 1
131 57 1
154 72 1
16 1 75
16 3 135
16 2 61
16 5 94
16 4 36
16 7 115
16 6 17
118 21 5
118 25 2
8 3 37
8 2 17
8 1 22
36 21 1
8 7 35
8 6 8
8 5 28
8 4 8
110 13 2
110 12 2
110 11 2
110 17 1
110 16 2
110 15 2
119 42 1
43 39 2
75 6 1
75 1 1
84 58 1
75 3 1
121 99 1
42 21 17
42 20 21
42 23 2
42 22 12
42 25 8
42 24 6
42 27 2
42 26 5
42 29 10
42 28 2
117 61 1
122 73 1
117 65 1
109 61 1
50 16 3
101 20 1
101 21 1
34 30 3
125 1 2
101 26 2
163 39 1
125 7 3
162 39 1
71 40 1
64 29 4
91 60 1
91 63 1
50 11 3
64 21 3
64 20 8
64 22 1
64 25 2
64 27 2
64 26 1
111 8 1
111 9 4
161 59 1
111 2 4
111 3 9
111 1 5
111 7 9
111 4 1
111 5 9
52 37 2
53 39 1
52 34 1
52 32 4
87 17 1
126 3 1
126 5 1
52 39 2
126 7 1
142 20 2
24 12 3
153 18 1
142 26 1
153 16 2
153 17 1
92 27 2
153 12 2
153 13 2
153 11 2
78 64 1
78 60 1
78 61 1
37 18 4
37 19 1
37 10 1
37 11 6
37 12 1
37 13 3
37 14 2
37 15 3
37 16 6
37 17 1
108 72 1
67 39 1
88 37 1
67 32 1
88 32 1
106 2 2
106 3 2
63 9 5
63 8 5
116 3 1
106 5 1
63 5 14
63 4 2
63 7 14
106 9 1
63 1 9
116 8 1
63 3 16
63 2 7
63 51 1
112 47 1
63 52 7
112 43 1
63 56 1
63 58 3
94 17 1
94 16 5
94 15 5
94 13 2
94 12 2
94 11 4
95 11 1
95 12 1
95 13 1
95 15 1
95 16 1
47 19 2
48 44 1
48 47 3
48 46 6
48 41 3
117 97 1
48 42 3
60 1 2
135 43 1
92 88 1
75 61 1
94 27 1
81 74 1
60 9 5
137 72 1
55 29 1
111 37 1
55 27 3
55 21 3
55 20 1
132 78 1
111 42 1
111 41 1
132 17 1
132 16 2
132 13 1
99 1 2
132 11 1
111 48 1
107 97 1
107 94 1
124 91 1
136 39 2
59 10 1
127 20 1
127 21 1
24 7 8
120 42 1
24 4 4
161 11 1
114 45 1
114 46 1
59 13 6
112 31 1
114 42 1
59 14 1
59 15 5
25 9 21
25 8 15
25 7 36
25 6 11
25 5 31
25 4 9
25 3 36
25 2 17
25 1 22
160 61 1
56 12 1
161 46 1
122 44 1
47 27 5
47 24 2
47 25 9
47 22 2
47 20 19
47 21 6
104 12 2
104 13 2
104 11 2
104 16 4
104 17 1
47 28 1
47 29 10
18 7 25
18 6 4
18 5 19
18 4 5
18 3 25
18 2 10
18 1 21
18 9 13
18 8 10
166 58 1
160 97 1
77 21 1
77 20 3
51 42 1
51 41 1
51 47 1
51 46 3
135 29 2
135 20 1
135 27 1
103 51 1
135 25 1
73 43 1
73 42 2
73 41 1
73 47 4
73 46 2
157 61 1
131 100 1
73 2 1
73 3 11
73 1 3
73 7 3
73 4 3
73 5 3
73 8 4
73 9 2
149 42 1
36 19 2
36 18 1
16 11 146
16 10 24
16 13 110
16 12 102
16 15 106
16 14 16
118 37 1
118 39 1
125 117 1
46 14 4
46 15 6
46 16 13
46 17 1
46 10 2
46 11 13
46 12 8
46 13 8
46 18 2
46 19 5
99 8 2
85 46 2
85 44 1
85 42 1
128 46 1
85 41 1
84 61 1
84 60 1
84 67 1
84 66 1
85 48 4
42 32 11
17 1 18
17 2 23
17 3 27
17 4 5
17 5 29
17 6 6
17 7 35
17 8 11
17 9 16
42 39 2
113 97 1
101 39 1
73 59 1
128 7 1
109 71 1
142 124 1
60 18 1
128 3 1
109 74 1
21 13 31
60 16 3
157 15 2
60 10 2
95 92 1
128 8 2
60 13 2
162 20 1
166 7 1
70 17 1
22 20 16
70 19 1
44 8 1
44 9 3
91 72 1
64 39 1
48 21 5
151 8 1
151 9 1
64 32 1
151 7 2
64 30 1
151 5 3
66 2 4
64 34 1
131 111 1
44 4 1
90 73 1
105 21 1
52 20 7
52 21 2
52 22 2
52 25 3
52 26 2
52 27 2
52 29 3
74 34 1
29 22 14
150 25 1
150 22 1
150 20 1
29 23 1
149 59 1
142 16 3
142 11 2
142 12 2
142 13 3
78 11 5
78 10 2
78 13 6
78 12 5
78 15 1
78 17 2
78 16 5
110 3 1
65 9 9
65 8 1
110 7 2
99 74 1
110 5 2
65 3 12
65 2 4
65 1 5
110 8 1
65 7 9
138 61 1
65 5 8
65 4 2
127 3 1
129 83 1
127 7 1
96 41 1
157 16 2
67 28 1
67 20 3
67 21 2
67 22 1
88 45 1
67 26 1
83 40 1
83 41 1
91 7 1
83 43 1
83 44 1
83 45 1
83 47 1
63 42 2
63 43 1
63 40 2
63 41 1
63 46 3
63 47 1
91 85 3
63 48 1
115 15 1
115 16 1
115 17 1
118 9 1
79 12 1
79 13 1
79 11 1
79 16 1
79 14 1
79 15 1
168 65 1
71 13 1
62 4 1
62 5 1
62 7 1
62 1 1
62 3 1
62 9 1
107 9 1
107 8 1
107 3 2
107 2 1
107 1 1
107 7 2
107 5 2
107 4 1
75 72 1
75 73 1
75 74 1
159 29 1
52 4 1
58 52 4
58 50 1
58 57 1
152 65 1
152 63 1
38 5 1
137 61 1
138 89 1
110 1 1
55 39 1
155 99 1
136 58 1
76 52 1
91 4 1
76 50 1
39 16 39
39 17 10
39 14 4
39 15 29
39 12 22
39 13 25
39 10 5
39 11 33
122 16 2
122 17 1
122 14 2
111 39 1
122 12 1
122 13 1
39 18 7
65 63 3
71 19 5
107 69 1
65 61 2
104 103 2
114 52 1
108 25 1
108 24 1
108 22 1
108 20 1
100 30 1
96 83 1
43 30 2
96 88 1
43 32 3
43 37 1
160 59 1
47 13 15
47 12 14
47 11 16
47 10 2
47 17 5
47 16 19
47 15 7
47 14 4
97 47 2
47 18 5
97 41 1
97 43 1
128 61 1
51 50 1
163 66 1
24 6 3
59 11 8
59 12 6
24 5 7
24 2 5
24 3 9
59 16 8
24 1 5
166 41 1
155 137 1
24 8 4
24 9 9
146 135 1
157 12 1
157 13 1
157 11 2
4 3 34
4 2 16
4 1 23
142 1 1
46 2 2
131 117 1
73 51 1
73 52 1
148 52 1
114 7 2
148 58 1
78 20 5
89 18 1
78 21 2
125 100 2
99 73 1
89 16 1
89 11 2
89 13 1
89 12 1
105 24 1
6 1 11
65 64 1
65 62 1
96 13 3
105 22 1
105 23 1
145 15 1
145 14 1
145 17 1
145 16 1
145 11 1
96 15 3
68 28 1
68 26 1
68 20 2
68 22 1
100 73 1
82 61 2
82 60 1
91 48 4
91 46 3
91 44 1
108 102 1
91 41 1
74 24 1
74 25 3
42 14 3
167 78 1
74 20 9
74 21 3
74 23 1
143 17 1
99 80 1
74 29 5
167 74 1
128 66 1
152 26 1
10 9 19
10 8 8
10 7 18
10 6 4
10 5 15
10 4 13
10 3 21
10 2 8
10 1 14
150 32 1
129 7 1
129 6 1
129 5 1
132 61 1
129 3 1
150 60 1
150 7 1
150 3 1
141 7 1
150 1 1
114 1 2
133 7 1
159 12 1
150 9 3
150 8 1
146 61 1
159 13 1
138 72 1
133 32 1
133 33 1
35 17 1
157 65 1
152 5 3
159 16 1
80 19 1
80 16 3
80 17 2
80 14 1
80 15 2
80 12 2
80 13 2
80 10 1
80 11 2
164 13 1
88 52 1
152 1 2
94 3 4
94 2 1
94 1 1
151 26 1
94 7 4
152 3 4
94 5 2
94 4 3
94 9 1
152 2 2
64 2 2
64 3 6
103 32 2
64 1 2
87 1 1
64 7 5
64 4 2
64 5 6
112 69 1
64 8 1
64 9 3
106 92 1
34 19 2
34 18 2
87 64 1
86 48 1
79 29 1
120 9 1
79 27 1
120 7 1
79 25 1
120 5 1
120 3 2
79 21 1
79 20 1
133 3 1
147 20 3
95 20 1
147 21 1
133 46 1
58 47 2
27 19 2
58 41 6
58 42 1
161 74 1
27 15 30
27 14 3
27 17 15
27 16 29
27 11 19
34 13 6
27 13 15
27 12 13
128 25 1
34 15 12
41 30 2
87 6 1
137 59 1
74 27 1
145 118 1
162 128 1
164 7 1
104 1 1
104 2 1
104 3 3
104 5 3
104 8 2
104 9 3
83 58 2
47 30 1
111 21 4
39 22 8
39 21 5
39 20 32
39 27 7
39 26 6
39 25 13
39 24 1
111 29 2
39 29 20
39 28 3
132 74 1
39 4 8
39 5 24
39 6 4
39 7 36
39 1 28
39 2 16
39 3 37
114 9 1
39 8 12
39 9 2
104 63 1
61 39 9
61 34 2
61 37 1
61 31 1
61 30 3
61 32 2
43 28 1
43 29 4
163 162 1
100 29 3
100 27 2
43 20 5
43 21 3
43 27 2
100 21 3
43 25 4
169 13 1
169 12 1
169 11 1
72 8 2
169 16 1
169 14 1
160 46 1
169 18 1
164 3 1
97 59 1
156 155 1
97 51 1
51 20 5
51 25 1
51 27 3
51 26 1
51 29 1
117 37 1
109 15 1
99 7 7
99 4 1
136 13 1
136 11 1
99 5 3
86 82 3
136 15 2
99 2 3
72 4 3
111 103 1
29 6 10
73 29 6
73 21 5
73 20 11
73 22 2
131 125 1
73 24 1
73 27 2
134 99 1
154 28 1
154 22 1
154 20 4
7 6 18
131 65 2
154 25 2
81 15 1
96 1 1
81 17 2
81 16 3
81 11 1
94 28 1
81 13 2
81 12 1
113 103 1
55 7 1
118 11 2
65 18 3
55 2 5
55 3 1
118 15 2
55 1 1
104 34 1
65 59 1
96 2 2
27 9 15
27 8 12
27 5 22
27 4 5
27 7 28
27 6 5
27 1 16
65 56 1
27 3 22
27 2 20
145 21 1
96 7 3
65 13 5
122 20 1
30 8 3
42 18 4
42 19 4
68 39 1
42 10 6
42 11 18
42 12 15
42 13 16
69 39 3
42 15 16
42 16 28
42 17 11
62 16 1
44 32 2
47 41 4
109 94 1
97 10 1
47 43 3
97 16 4
125 4 1
47 45 1
99 94 1
97 15 1
99 98 2
44 39 1
74 59 1
153 20 2
153 29 1
131 84 1
131 87 1
152 7 3
102 20 1
125 9 3
133 28 1
133 25 1
133 24 1
133 21 1
133 20 1
110 63 2
11 6 13
11 7 95
11 4 32
11 5 78
11 2 45
11 3 112
121 20 1
11 1 57
80 21 2
80 20 2
80 27 2
111 58 1
11 8 39
11 9 60
64 11 8
64 12 7
64 13 7
64 15 5
64 16 8
64 17 7
64 18 1
64 19 3
125 41 1
125 42 1
106 82 1
63 62 1
168 46 1
131 50 1
78 36 1
78 35 1
78 34 1
133 44 1
127 117 1
78 39 1
40 27 3
58 30 1
58 32 3
24 21 6
24 20 9
24 23 3
24 22 6
58 39 3
155 100 1
164 29 1
131 59 1
56 55 1
50 47 1
50 41 2
121 6 1
126 17 1
126 15 1
92 18 1
54 22 1
52 40 1
52 41 2
132 45 1
140 58 1
114 3 3
111 18 2
39 34 5
111 15 8
111 16 5
111 17 2
122 34 1
39 31 1
39 32 13
111 13 5
106 65 1
116 16 1
106 61 2
106 60 1
116 13 1
116 12 1
107 43 1
118 28 2
107 47 1
139 23 1
164 41 1
108 41 1
43 16 8
66 47 2
43 14 2
43 13 5
43 12 5
61 28 2
61 29 7
61 26 5
61 27 7
61 24 5
61 25 7
11 10 18
61 23 1
61 20 20
61 21 9
23 11 2
23 10 1
23 13 1
23 12 1
23 15 2
23 14 1
23 17 1
23 16 1
23 19 2
23 18 2
100 56 1
55 15 5
55 16 4
55 17 1
61 15 22
55 12 1
55 13 2
87 3 1
96 47 1
97 69 1
96 45 1
87 7 2
96 43 1
96 40 1
86 19 1
87 9 1
98 43 1
97 66 1
97 65 1
51 32 1
51 39 1
77 19 1
77 14 1
77 16 3
77 11 3
77 12 2
77 13 2
144 76 1
73 39 2
157 39 2
73 32 3
157 30 1
73 37 1
73 34 1
154 39 1
125 120 1
87 19 1
154 32 1
128 51 1
65 44 1
65 45 1
89 39 2
65 47 1
65 41 1
65 42 4
65 43 1
141 11 1
113 112 1
89 30 1
141 15 1
141 17 1
141 16 1
104 20 3
104 27 3
104 26 1
104 25 1
104 29 1
46 44 2
46 42 5
46 41 3
46 40 1
85 19 3
85 18 1
136 3 2
145 34 1
85 14 1
69 26 2
69 27 5
69 25 2
69 22 4
60 42 4
69 20 3
69 21 1
69 28 1
69 29 6
56 5 2
56 4 1
56 7 2
56 1 3
56 3 3
56 2 4
56 9 2
26 4 5
26 5 13
26 6 1
26 7 12
26 1 11
26 2 7
26 3 17
26 8 5
26 9 17
160 3 1
90 44 1
160 7 1
160 4 1
160 5 1
90 48 1
74 42 4
74 43 2
74 40 1
74 46 1
74 47 3
74 44 1
74 45 3
91 20 2
158 29 1
58 18 3
46 34 1
133 12 1
158 20 1
84 12 3
84 13 3
84 10 1
84 11 5
84 16 8
84 17 3
150 19 1
84 15 8
150 16 2
84 19 1
150 13 1
150 12 1
150 11 2
153 132 1
167 93 1
133 19 1
146 43 1
133 11 1
146 41 2
133 13 1
133 14 2
133 15 1
133 16 1
133 17 1
88 73 1
166 12 1
105 46 1
158 106 1
65 19 1
101 25 1
103 28 1
103 29 3
103 26 1
103 27 4
103 25 2
103 20 3
103 21 3
168 32 1
46 8 5
46 9 6
46 6 2
46 7 9
46 4 3
46 5 9
44 18 2
46 3 10
46 1 3
6 5 17
6 4 3
78 23 1
12 9 38
12 8 28
6 3 18
6 2 7
12 5 44
12 4 17
12 7 63
12 6 9
12 1 35
12 3 73
12 2 24
122 9 1
122 5 1
44 19 1
122 7 1
122 3 2
58 22 4
164 11 1
58 20 8
58 21 3
58 26 5
58 27 1
58 24 1
58 25 1
58 28 2
58 29 3
152 9 3
152 8 1
50 39 1
40 8 3
83 27 1
137 39 1
50 37 1
152 99 1
149 7 1
114 16 4
152 94 1
27 18 7
91 61 1
111 100 1
54 19 1
54 18 1
114 12 4
30 15 8
30 14 4
96 3 3
30 16 11
96 5 2
30 10 3
30 13 4
30 12 4
31 16 3
31 15 2
140 41 1
30 18 1
31 10 1
31 11 2
134 133 1
48 2 2
128 10 1
27 10 2
116 20 1
116 21 1
106 56 1
116 29 1
143 36 1
114 89 1
61 19 4
61 18 5
61 13 16
61 12 14
61 11 20
61 10 11
61 16 20
66 58 2
61 14 3
72 66 1
112 82 1
89 64 1
160 24 1
72 60 1
72 61 4
96 74 1
9 2 39
9 3 86
9 1 52
9 6 11
9 7 72
9 4 21
9 5 62
9 8 24
102 7 1
102 5 1
102 2 1
102 3 1
129 22 1
77 64 1
102 9 1
129 20 1
152 131 1
86 63 3
126 9 2
157 21 1
157 20 2
104 48 1
135 89 1
89 25 2
86 8 1
89 27 2
89 20 2
86 2 1
86 3 3
86 1 3
86 7 3
86 4 1
86 5 2
15 10 17
15 11 83
15 12 42
15 13 51
15 14 13
65 34 2
81 34 1
65 39 3
123 84 1
117 19 1
50 3 4
50 2 1
50 1 1
141 27 1
50 7 4
41 17 4
50 5 2
50 4 1
141 20 1
50 9 1
50 8 1
68 15 2
68 16 2
68 11 2
68 12 2
68 13 2
58 37 1
69 13 3
69 12 2
69 11 3
69 17 6
69 16 5
69 15 7
131 8 1
131 9 5
93 18 1
93 16 5
93 17 3
93 15 5
93 12 4
93 13 4
93 11 4
131 5 5
131 6 2
163 44 1
131 7 6
156 7 1
65 30 1
61 45 2
65 32 2
131 2 2
131 3 6
74 73 5
74 72 1
74 71 2
153 42 1
153 45 1
147 12 3
158 30 1
84 29 2
84 28 11
84 27 1
84 26 1
84 25 2
57 7 2
84 22 1
57 2 2
84 20 6
112 32 1
103 15 4
80 40 1
80 42 1
38 19 3
38 18 1
80 47 1
161 3 1
161 7 1
161 5 1
161 4 1
97 74 1
135 13 1
61 48 1
156 137 1
39 23 1
125 29 2
161 160 1
111 20 6
125 20 6
125 21 2
125 27 1
125 24 1
125 25 2
124 9 1
103 39 2
112 11 1
111 25 2
112 13 1
112 12 1
112 15 1
124 7 1
102 39 2
168 20 1
111 27 1
102 11 1
135 1 2
135 3 2
91 90 1
125 73 1
102 14 2
102 15 1
27 24 1
27 25 12
48 18 5
48 19 6
27 20 20
27 21 12
27 22 5
48 12 5
48 13 6
48 10 2
48 11 6
48 16 6
48 17 4
48 14 2
48 15 5
58 19 1
44 17 3
58 17 1
58 16 12
58 15 11
92 56 1
58 13 8
58 12 8
58 11 10
58 10 1
45 5 1
45 4 1
45 7 4
45 6 1
137 25 1
45 3 5
45 2 4
137 29 1
44 12 2
50 20 3
50 21 2
45 9 3
45 8 4
44 13 3
13 4 18
13 5 49
13 6 10
13 7 71
13 1 45
13 2 29
13 3 83
13 8 30
13 9 46
126 32 1
155 59 1
162 11 1
119 5 1
119 9 1
123 9 1
31 22 1
31 20 3
31 26 1
31 25 1
99 33 1
107 20 1
107 27 1
107 25 1
107 28 2
107 29 1
56 30 1
106 47 1
106 45 1
136 2 1
106 42 1
95 88 1
152 11 4
114 91 1
114 99 1
66 63 1
66 62 1
66 61 6
66 60 1
66 65 1
66 64 1
99 39 2
108 64 1
97 8 3
97 9 2
92 17 1
92 16 6
92 11 5
160 11 1
92 13 4
92 12 4
161 13 1
97 1 1
97 2 1
97 3 3
97 4 1
97 5 3
97 7 2
72 58 1
111 110 1
123 17 1
117 83 1
51 18 1
168 34 1
51 11 4
51 12 3
51 13 3
51 14 1
51 15 3
51 16 5
142 8 1
142 9 3
159 21 1
159 20 1
33 9 1
33 6 1
33 7 1
33 5 1
33 2 1
33 3 1
33 1 1
88 11 2
144 16 1
144 15 1
144 12 1
144 13 1
144 11 1
149 11 1
154 12 2
51 8 2
149 12 1
97 61 2
154 16 3
149 17 1
149 16 1
51 2 1
51 3 4
51 1 2
51 6 1
51 7 4
51 5 3
49 14 1
48 39 2
141 39 1
131 37 1
148 16 1
106 7 1
65 22 1
65 20 8
65 21 2
81 29 1
65 24 1
65 25 2
164 131 1
65 28 1
81 27 3
81 20 1
81 21 1
152 51 1
113 28 1
103 9 1
103 8 2
103 7 4
119 61 1
103 5 5
103 3 5
106 8 1
103 1 3
144 52 1
119 66 1
63 6 1
68 67 1
126 41 1
113 47 1
161 20 1
113 43 1
83 59 1
85 9 1
126 42 1
136 89 1
93 29 2
86 34 1
63 50 1
93 23 1
93 20 5
93 26 2
93 25 2
93 24 1
73 11 11
73 12 11
73 13 12
73 14 3
73 15 1
73 16 11
73 17 1
73 18 4
73 19 1
100 25 1
58 9 8
58 8 3
58 3 8
58 2 6
58 1 4
58 7 9
58 5 7
58 4 1
78 9 2
43 22 1
78 8 1
74 61 6
100 20 3
74 64 1
153 78 1
72 24 3
153 74 1
164 9 1
153 73 1
84 39 1
84 30 1
84 34 1
91 42 1
153 93 1
153 90 1
156 99 1
104 74 1
132 20 1
87 32 1
104 15 1
157 46 1
121 19 1
121 17 1
121 16 1
121 13 1
121 12 1
121 11 1
121 10 1
49 48 1
49 46 1
49 47 1
112 25 2
112 26 1
112 27 1
112 20 3
112 28 2
112 29 1
2 1 41
136 65 1
94 19 2
162 7 1
162 8 1
147 61 1
136 63 1
99 25 3
99 27 2
99 21 5
99 20 8
99 23 1
99 22 1
168 15 1
168 16 1
136 61 2
99 29 1
168 11 1
43 3 9
43 2 1
43 1 5
43 7 6
43 5 2
43 4 3
43 9 4
43 8 2
117 104 1
117 103 1
125 3 4
125 2 2
50 15 1
24 18 5
24 19 5
125 5 2
76 29 1
24 14 2
24 15 8
24 16 7
125 8 1
24 10 3
24 11 7
76 20 2
76 21 2
81 61 1
137 15 1
137 11 1
130 15 1
126 29 1
130 16 1
130 11 1
130 13 1
126 22 1
126 20 1
126 25 1
97 73 1
31 30 1
161 39 1
60 28 2
122 42 1
99 6 1
120 11 1
87 81 1
48 40 1
107 32 1
107 39 1
48 27 1
48 26 1
48 25 2
95 93 1
95 94 1
48 22 5
41 40 2
48 20 8
116 42 1
44 5 2
106 30 1
44 7 5
44 1 1
48 29 5
44 3 5
68 9 1
100 61 1
100 65 1
57 5 2
118 3 4
118 2 1
118 7 3
57 6 1
118 5 2
118 4 1
72 46 1
72 41 2
72 42 1
72 43 1
23 20 2
23 21 3
23 22 2
72 48 1
57 1 2
104 89 1
84 21 1
82 29 2
55 45 1
57 3 2
55 41 1
96 18 2
96 11 4
5 4 27
96 12 3
5 2 55
5 3 101
96 17 1
5 1 66
77 45 1
104 97 1
77 41 1
30 25 1
30 26 3
90 7 1
159 11 1
90 5 1
30 27 2
90 3 1
90 2 1
90 1 1
159 17 1
151 25 1
30 20 11
35 18 1
35 19 1
151 20 2
30 21 2
19 14 11
19 15 9
19 16 13
19 17 11
19 10 3
19 11 12
19 12 9
19 13 9
34 11 15
34 10 3
86 41 1
34 12 5
19 18 10
34 14 5
34 17 2
34 16 13
149 20 1
161 24 1
30 5 7
30 4 8
30 7 10
30 6 1
30 1 7
30 3 11
30 2 3
65 17 2
65 16 10
65 15 8
30 9 11
65 12 4
65 11 8
97 12 2
97 13 2
47 42 3
97 11 2
62 12 1
62 13 1
47 46 4
62 11 1
29 13 39
72 30 1
99 42 2
52 1 2
52 3 9
52 2 3
52 5 6
90 20 2
52 7 7
52 6 1
52 9 3
52 8 3
99 40 1
144 4 1
144 5 1
93 39 1
45 41 1
119 15 1
89 81 1
100 4 3
100 5 3
164 59 1
100 7 5
100 1 2
100 2 4
100 3 3
88 18 1
144 3 2
100 9 2
60 12 2
43 15 3
163 47 1
80 45 1
158 16 1
158 14 1
158 13 1
158 12 1
158 11 1
106 20 2
158 19 1
84 8 3
84 9 9
150 42 1
150 43 1
84 1 4
84 2 5
84 3 3
84 4 3
84 5 2
84 6 1
84 7 7
149 9 1
85 21 1
85 22 3
72 34 2
151 104 1
149 3 1
73 25 2
149 5 1
124 63 1
59 2 1
59 3 8
59 1 1
59 6 2
59 7 9
59 4 3
59 5 5
59 8 1
59 9 4
18 11 22
136 135 1
129 26 1
38 32 3
129 25 1
38 37 1
38 36 1
38 35 1
117 18 4
52 18 3
117 16 5
117 14 1
117 15 1
117 12 4
117 13 4
149 65 1
117 11 5
154 24 1
103 17 2
103 16 4
42 8 5
42 9 20
103 13 2
103 12 2
103 11 2
112 34 1
42 2 6
42 3 22
112 39 2
42 1 6
42 6 4
42 7 12
42 4 3
42 5 13
45 15 2
45 14 1
45 17 3
45 16 10
45 11 10
45 10 2
45 13 8
45 12 8
44 16 5
102 19 1
44 14 1
44 15 1
45 19 1
45 18 2
44 10 1
44 11 2
99 37 1
99 34 1
99 32 1
55 8 1
99 30 1
67 12 2
55 5 1
165 48 1
113 107 1
117 111 1
81 18 1
78 1 3
78 3 3
78 2 1
78 5 3
78 7 4
76 13 2
76 12 2
76 11 2
118 14 6
76 16 2
76 14 1
163 8 1
163 3 1
71 20 3
163 7 1
130 20 1
130 21 1
65 58 1
140 11 1
140 16 1
140 15 1
128 39 1
72 32 1
30 28 1
30 29 1
65 52 1
82 25 3
82 24 2
82 27 1
82 26 1
82 21 1
82 20 7
30 22 1
82 22 1
37 30 1
106 29 2
72 39 1
48 32 2
48 34 1
133 9 1
95 64 1
133 5 1
106 25 1
106 24 1
133 1 1
18 13 19
18 12 15
61 60 5
18 10 3
18 17 9
18 16 23
18 15 22
18 14 5
158 3 1
132 12 1
100 99 2
100 90 1
145 25 1
20 10 22
20 11 138
20 12 103
20 13 106
20 14 18
20 15 97
20 16 153
20 17 29
20 18 22
20 19 13
92 39 2
112 16 3
146 4 1
167 153 1
146 2 1
146 3 2
146 1 1
50 13 3
151 11 2
151 12 2
151 13 2
35 23 1
151 15 2
35 21 1
147 37 1
87 57 1
159 15 1
127 96 1
87 58 1
50 12 3
122 99 2
65 48 1
56 13 1
127 25 1
135 4 1
69 32 5
89 74 1
120 32 1
89 72 1
67 11 2
166 29 1
158 47 1
67 10 1
68 32 1
81 41 1
114 5 2
62 20 1
97 29 1
97 28 1
97 27 2
67 15 3
97 25 2
97 24 1
91 3 1
97 20 3
101 9 1
112 84 1
101 5 1
101 7 1
67 16 2
101 1 1
101 3 2
100 24 1
93 41 2
69 68 1
93 42 2
93 45 2
69 63 1
69 67 1
69 64 2
118 46 1
31 8 2
31 9 3
31 4 1
31 5 2
140 2 1
31 7 3
31 1 4
97 46 2
31 3 4
27 26 4
167 20 1
154 11 2
53 1 1
53 3 1
53 7 1
86 27 1
98 9 1
98 7 1
98 4 1
98 3 2
113 69 1
142 83 1
38 25 3
108 8 1
32 31 1
38 22 3
108 5 1
108 6 1
108 7 1
108 1 1
108 3 1
80 79 1
153 125 1
134 14 1
129 32 1
83 7 4
83 6 2
83 5 4
83 3 4
83 1 2
142 27 1
83 9 4
83 8 1
90 85 1
48 23 1
108 32 1
67 59 1
103 64 1
129 16 1
43 40 1
103 69 2
129 15 1
67 52 1
44 29 2
43 42 2
44 22 4
44 21 5
44 20 3
94 93 1
94 92 1
44 25 3
44 24 2
58 14 1
50 18 1
102 16 1
81 69 1
52 50 2
41 1 18
41 3 30
41 2 10
41 5 21
41 4 7
41 7 22
41 6 3
41 9 17
33 32 1
102 17 1
63 39 5
71 61 2
50 29 1
45 1 1
36 23 1
137 27 1
156 59 1
128 12 2
125 13 3
125 12 3
125 11 5
139 7 1
125 17 1
125 16 4
125 15 3
63 32 3
125 19 2
125 18 3
132 93 1
128 16 2
120 117 1
83 37 1
154 131 1
83 31 1
82 39 4
143 23 1
82 34 3
143 21 1
82 32 1
82 33 1
14 11 17
82 31 1
79 8 1
79 9 1
106 16 1
164 5 1
98 77 1
106 12 1
106 13 1
160 39 1
107 11 1
79 3 1
79 5 1
79 6 1
79 7 1
94 74 2
94 71 2
152 58 1
67 9 1
61 59 1
61 58 2
61 56 3
61 55 1
61 52 1
144 59 1
28 21 3
28 20 9
28 22 2
28 25 4
28 24 1
28 27 4
28 26 2
66 12 7
66 13 7
66 10 4
66 11 11
66 16 13
66 15 11
72 22 1
72 23 1
72 20 6
72 21 2
72 26 3
92 29 5
19 8 3
19 9 8
19 6 2
19 7 7
19 4 5
72 29 3
92 20 4
19 3 12
19 1 4
112 9 2
132 3 1
37 8 3
37 9 3
37 2 2
37 3 8
37 1 3
37 6 2
37 7 6
37 4 2
37 5 6
86 21 1
86 20 2
34 33 1
34 32 4
34 31 1
144 20 1
86 29 1
35 32 1
123 2 1
87 41 2
135 47 1
135 41 1
152 20 4
127 47 1
127 44 1
127 45 1
127 43 1
127 40 1
89 61 2
120 21 1
120 20 2
104 92 2
23 9 2
114 25 1
114 23 1
114 20 4
92 61 1
114 29 2
97 39 2
97 32 1
62 30 1
96 39 1
110 46 1
138 137 1
138 136 1
138 135 1
64 61 1
93 58 1
66 28 1
143 78 1
92 5 3
92 7 1
92 1 2
92 3 3
92 2 2
149 48 1
92 9 2
92 8 1
154 114 1
162 44 1
162 47 1
163 61 1
25 24 2
91 9 2
25 22 18
25 20 35
25 21 14
89 29 1
97 26 1
156 100 1
113 8 1
91 5 1
113 1 1
113 2 1
113 3 1
113 5 1
113 7 1
141 1 1
141 3 1
141 2 1
113 16 1
141 4 1
45 44 1
113 15 1
141 8 1
118 99 2
91 1 1
33 25 1
133 41 1
33 20 1
33 22 1
126 125 1
121 45 1
128 27 1
128 20 2
121 42 1
91 24 1
49 11 1
49 13 1
49 12 1
103 2 2
49 17 1
49 16 1
91 21 1
102 64 1
29 3 51
29 2 19
29 1 35
109 16 1
29 7 54
99 3 7
29 5 44
29 4 7
7 4 28
7 5 105
29 9 27
29 8 20
109 19 1
7 1 87
7 2 61
7 3 125
102 26 1
109 4 1
109 7 1
109 3 1
67 42 3
80 29 2
67 41 1
94 88 1
88 64 1
68 41 1
88 63 2
45 39 2
94 84 1
36 17 1
99 18 1
99 19 4
154 41 2
99 14 6
99 15 3
99 16 8
121 21 1
99 10 1
99 11 7
99 12 5
99 13 5
52 46 2
52 47 1
106 19 1
82 8 4
82 9 1
82 7 6
82 4 2
82 5 3
82 2 5
82 3 8
82 1 5
166 87 1
76 73 1
76 72 1
76 75 1
76 74 1
138 1 1
138 3 1
80 25 1
71 70 1
56 41 1
144 21 1
147 25 1
142 3 1
24 17 2
167 13 1
56 45 2
140 39 1
118 30 1
83 26 3
40 9 1
83 25 4
83 22 4
83 20 5
83 21 2
40 1 3
40 2 5
40 3 6
143 35 1
40 5 7
40 6 1
40 7 7
40 12 3
40 13 3
40 10 1
40 11 4
40 16 6
40 17 4
127 83 1
40 15 7
40 18 2
40 19 1
41 19 4
41 18 5
94 64 1
94 63 1
94 61 2
41 11 33
41 10 6
41 13 26
41 12 24
41 15 25
41 14 2
95 45 1
41 16 38
66 27 2
66 26 5
66 25 2
131 41 3
66 22 2
66 21 4
66 20 10
131 4 2
61 41 7
61 42 7
61 43 2
61 44 1
131 1 5
61 46 3
61 47 4
76 61 1
65 51 2
76 67 1
72 19 1
72 18 3
72 16 4
72 15 6
72 14 2
72 13 3
72 12 2
72 11 5
72 10 3
75 16 2
75 14 1
75 12 1
75 13 1
165 9 1
75 11 1
79 47 1
92 15 4
125 90 1
160 16 1
49 3 1
31 6 1
34 20 13
34 21 3
144 50 1
140 3 1
34 25 3
34 26 3
34 27 2
34 28 1
34 29 2
86 39 1
140 5 1
87 39 1
31 2 1
147 18 1
147 16 3
140 7 1
147 13 3
111 99 1
147 11 3
114 26 1
34 1 9
99 17 2
34 3 16
34 2 4
34 5 8
34 4 5
34 7 12
34 6 1
34 9 10
34 8 3
135 72 1
161 16 1
120 18 1
120 19 1
81 64 2
63 61 2
128 47 1
120 12 1
144 64 1
120 15 1
120 16 1
104 81 1
71 2 1
71 3 3
71 4 2
71 5 1
71 7 2
71 8 1
71 9 1
128 44 1
114 39 1
96 20 5
96 21 2
118 103 1
96 25 1
96 26 2
147 4 1
62 43 1
34 22 1
69 42 3
69 43 1
69 44 1
93 9 3
69 46 1
69 47 2
69 48 1
93 5 2
93 7 3
105 42 1
93 2 2
93 3 2
168 39 1
84 65 1
93 64 2
154 108 1
124 114 1
162 3 1
42 37 1
25 19 6
25 18 7
112 5 2
146 9 1
25 13 22
25 12 22
25 11 35
25 10 4
25 17 12
25 16 43
25 15 27
25 14 8
56 15 3
122 19 1
56 16 2
56 11 2
56 10 1
57 18 1
57 19 1
57 16 2
57 17 2
57 15 3
57 12 1
57 11 1
131 18 4
131 19 2
131 16 5
131 17 2
131 14 1
131 15 6
131 12 2
131 13 2
131 11 5
152 21 1
134 33 1
112 7 3
28 8 4
28 9 11
129 13 1
129 12 1
129 11 1
28 2 10
28 3 9
28 1 7
28 6 1
28 7 13
28 4 3
28 5 8
117 27 2
128 11 2
117 25 3
128 13 2
117 22 1
117 21 3
117 20 5
128 18 1
117 29 2
60 19 1
112 1 3
112 3 3
112 2 1
13 12 102
13 10 9
13 11 104
67 1 1
112 8 4
67 3 3
67 2 2
67 5 2
67 4 2
67 7 2
60 15 5
93 88 1
44 40 1
44 43 2
44 42 5
103 48 1
64 63 3
64 62 1
103 46 3
103 47 2
103 41 1
99 45 3
103 43 1
21 20 41
82 17 1
91 29 1
45 29 3
45 25 3
102 63 1
45 20 10
45 21 5
91 23 1
91 22 3
152 13 2
167 17 1
152 12 2
167 11 1
67 50 1
167 12 1
168 5 1
21 9 15
21 8 11
22 21 11
21 3 50
21 2 23
21 1 25
21 7 39
21 6 4
21 5 30
21 4 12
141 5 1
141 29 1
167 16 1
99 9 6
138 15 1
133 99 1
159 22 1
138 11 1
81 7 1
81 1 1
151 114 1
81 2 1
81 9 1
81 8 1
58 34 1
152 15 3
82 15 7
82 16 5
140 28 1
82 10 3
82 11 5
82 12 4
82 13 2
140 22 1
82 18 2
82 19 3
142 7 2
83 13 4
83 12 3
83 11 4
83 16 8
83 15 5
137 3 1
83 18 1
137 7 1
137 1 1
63 19 1
63 18 4
40 29 4
63 15 12
63 14 1
63 17 4
63 16 12
63 11 12
63 10 1
63 13 11
40 20 5
71 12 1
66 30 1
66 32 1
66 37 1
66 39 2
151 3 2
47 7 10
47 6 3
47 5 8
47 4 3
47 3 18
47 2 4
47 1 5
118 19 2
47 9 7
47 8 9
92 48 1
165 99 1
92 42 1
92 40 1
92 41 2
92 46 1
92 47 1
92 45 3
75 22 1
75 21 1
75 20 1
75 25 1
75 29 1
40 25 3
154 13 2
130 7 1
169 73 1
149 13 1
151 63 3
51 9 3
40 21 3
149 15 1
63 12 9
144 41 2
154 15 3
46 39 3
111 83 1
166 5 1
87 29 3
87 22 1
147 63 1
87 20 2
87 21 1
147 66 1
87 27 1
87 25 1
154 18 1
160 20 1
136 72 1
74 39 2
48 1 3
139 93 1
48 3 8
48 4 2
48 5 5
48 7 6
48 8 1
48 9 6
168 157 1
110 29 1
104 52 1
69 6 1
104 51 1
110 20 2
93 78 1
99 48 1
93 74 1
166 16 1
149 111 1
166 13 1
166 11 1
155 7 1
47 40 2
59 41 3
59 46 1
135 61 2
76 7 2
76 4 1
76 3 3
76 1 2
162 66 1
166 32 1
162 61 1
57 29 1
142 15 2
57 21 2
57 20 1
57 27 1
57 25 2
65 27 1
69 7 6
124 20 2
69 5 7
69 4 2
69 3 7
69 2 6
69 1 5
124 29 1
69 9 3
69 8 2
120 13 1
99 43 2
113 39 1
150 29 1
113 32 1
147 7 2
142 59 1
65 29 2
147 3 3
147 2 2
147 1 1
147 9 2
147 8 1
117 51 1
3 1 91
3 2 56
47 44 3
103 65 1
154 27 1
93 92 1
102 51 1
17 12 18
17 13 24
17 10 3
17 11 27
17 16 40
17 14 6
17 15 36
154 84 1
150 2 1
90 29 1
21 19 14
21 18 16
21 17 20
21 16 48
21 15 38
21 14 16
90 39 1
21 12 28
21 11 41
21 10 5
66 1 5
29 28 6
66 3 11
66 4 4
66 5 8
66 7 9
66 8 3
66 9 11
29 20 50
29 21 20
29 26 4
29 27 18
29 24 2
29 25 18
45 23 1
111 14 2
115 2 1
122 32 1
39 37 2
80 8 2
80 9 2
76 59 1
80 5 2
80 6 2
80 7 2
80 1 1
80 2 1
80 3 1
37 21 3
37 20 3
37 22 6
37 25 4
111 12 4
37 29 4
74 9 1
71 10 1
71 11 1
71 16 3
71 17 1
71 14 1
71 15 3
138 29 1
44 27 1
138 25 1
73 58 1
138 27 1
67 66 1
67 61 1
116 11 1
153 100 1
20 2 49
20 3 132
82 63 3
20 1 69
20 6 16
20 7 113
20 4 33
20 5 90
20 8 41
20 9 80
131 47 1
40 39 3
41 34 5
95 25 1
41 32 10
41 31 1
43 41 1
123 16 1
40 32 2
41 39 9
114 63 3
154 65 1
94 45 1
94 40 1
131 22 1
164 12 1
89 9 1
169 74 1
89 5 1
89 7 2
89 1 3
89 3 3
28 18 1
28 19 2
136 1 2
136 7 1
28 10 1
28 11 8
28 12 5
28 13 5
28 14 2
28 15 14
28 16 13
28 17 6
164 16 1
151 32 1
75 37 1
75 32 1
169 42 1
169 47 1
88 41 1
151 52 3
86 18 2
87 16 3
87 15 1
87 13 2
87 12 2
87 11 2
66 44 1
86 10 1
86 11 2
86 12 2
86 13 1
86 15 2
86 16 2
87 18 1
103 14 1
66 46 1
139 39 1
111 76 1
66 41 4
147 73 1
162 25 1
151 64 2
14 9 15
14 8 1
66 43 1
14 3 20
14 2 5
14 1 3
66 42 4
14 7 12
14 6 3
14 5 9
14 4 3
125 65 1
164 50 1
127 74 1
152 22 1
114 18 2
61 22 3
114 15 1
114 13 4
43 11 6
114 11 4
161 97 1
146 47 1
41 8 7
43 18 1
110 39 1
104 47 1
104 46 2
46 29 2
46 25 4
46 24 7
46 27 4
46 26 2
46 21 8
46 20 12
46 23 2
46 22 6
100 59 1
98 27 1
98 25 1
98 20 2
98 21 1
135 12 1
118 17 3
135 11 2
135 16 1
135 15 2
152 25 1
59 50 2
59 52 1
57 32 1
162 12 1
162 13 1
162 10 1
63 45 1
162 16 1
118 16 3
32 7 38
32 6 12
32 5 38
32 4 6
32 3 36
32 2 11
32 1 22
56 39 1
32 9 18
32 8 12
154 3 4
154 2 3
154 1 5
154 7 5
154 6 1
154 5 3
124 16 2
154 8 2
124 11 2
124 12 2
124 13 2
77 7 2
113 29 1
77 5 1
77 2 1
77 3 2
152 27 2
118 41 1
118 43 1
113 27 1
113 25 1
55 11 1
32 26 4
32 27 8
32 24 2
32 25 25
32 22 29
32 20 26
32 21 10
137 135 1
137 136 1
32 28 2
32 29 20
117 41 1
117 40 2
117 43 1
117 42 1
117 45 1
117 44 1
117 47 3
117 46 1
128 73 1
60 25 3
60 24 2
60 27 2
60 26 3
60 21 1
60 20 5
60 23 1
49 20 1
49 21 1
42 41 5
49 25 1
163 11 1
163 10 1
163 13 1
163 12 1
32 30 2
163 16 1
68 7 2
68 4 1
68 5 2
68 2 2
68 3 2
68 1 2
64 43 1
102 42 1
64 41 4
64 40 1
64 46 2
64 45 1
136 18 1
64 48 2
96 44 1
29 17 29
29 16 55
29 15 42
29 14 6
90 22 1
29 12 34
29 11 45
29 10 1
45 42 3
45 43 1
45 40 1
144 7 1
29 19 4
29 18 19
53 12 1
53 13 1
53 11 1
53 16 1
87 5 2
159 6 1
111 22 3
33 14 1
33 15 1
33 16 1
107 103 1
33 11 1
52 11 6
52 13 8
52 12 5
52 15 6
33 19 2
52 16 9
71 25 1
78 45 1
78 42 2
139 2 1
71 21 1
78 41 3
76 41 1
76 42 1
76 43 1
37 32 7
117 74 1
37 36 1
37 35 1
103 18 2
138 39 1
146 29 1
146 20 2
160 12 1
88 16 2
112 83 1
67 13 2
88 15 1
88 12 2
88 13 3
61 9 11
61 8 6
61 7 17
61 6 1
61 5 13
61 4 16
61 3 26
61 2 11
61 1 15
114 8 1
82 71 1
152 39 1
160 13 1
74 63 1
83 75 1
83 74 1
41 20 33
41 21 11
41 22 9
41 24 2
41 25 3
41 26 9
41 27 5
41 28 5
41 29 11
63 30 1
63 37 2
63 34 1
94 39 1
81 55 1
65 46 2
96 16 4
23 8 1
92 63 1
92 64 2
92 65 1
163 25 1
23 1 1
92 69 1
23 3 1
23 2 1
23 5 1
23 4 1
23 7 2
163 20 1
60 11 3
59 17 1
75 43 1
75 42 1
137 99 1
88 5 1
129 27 1
48 24 2
88 3 2
83 32 4
88 8 1
88 9 1
151 40 1
151 46 2
89 65 1
147 47 1
147 41 1
99 77 2
14 13 10
132 39 1
14 12 10
111 69 1
122 65 1
111 65 1
14 10 2
111 61 1
111 63 1
106 14 1
106 15 2
164 20 1
136 52 1
168 2 1
168 3 1
129 59 1
168 7 1
106 11 2
167 42 1
108 19 1
108 17 1
114 65 1
161 12 1
161 61 1
15 2 69
15 3 113
15 1 75
15 6 11
15 7 105
15 4 30
15 5 95
46 37 1
15 8 16
15 9 76
46 32 4
152 17 1
107 16 2
98 19 1
107 15 2
98 13 2
98 12 2
98 11 2
111 11 6
98 16 2
98 15 1
98 14 1
26 16 28
26 17 5
26 14 3
26 15 26
26 12 12
26 13 13
26 10 6
26 11 20
166 39 1
152 16 4
26 18 2
26 19 1
59 29 1
157 34 1
39 19 1
154 89 1
96 9 2
59 21 2
59 20 8
59 22 2
59 25 2
59 24 1
59 27 3
59 26 1
73 66 2
73 61 5
74 8 2
73 63 2
74 5 1
74 4 3
74 7 5
74 1 3
74 3 9
131 27 2
131 25 2
131 24 2
56 29 1
131 21 2
131 20 4
56 27 1
56 20 1
56 21 3
131 29 4
131 28 1
132 42 1
112 103 1
36 33 1
36 32 1
36 35 2
112 107 1
123 28 1
32 13 20
32 12 14
32 11 26
32 10 5
32 17 14
32 16 37
32 15 27
32 14 3
137 100 1
32 19 3
32 18 5
84 41 1
84 42 2
121 80 1
53 20 1
117 73 1
163 128 1
159 7 1
101 15 2
101 16 2
101 11 1
157 8 1
39 30 3
157 1 1
157 2 1
157 3 2
157 4 1
157 5 1
30 11 9
157 7 2
91 14 1
91 15 1
91 16 1
91 10 1
91 11 2
91 12 1
91 13 1
91 18 1
91 19 3
64 52 2
167 132 1
90 13 1
90 12 1
90 11 2
90 16 2
90 15 1
167 45 1
99 59 1
90 18 2
74 19 3
74 18 3
53 29 1
74 15 2
74 14 2
74 17 1
74 16 10
74 11 9
74 13 9
74 12 9
142 32 1
142 39 1
141 13 1
