78 77 1
78 76 1
117 9 1
88 29 1
88 28 1
82 45 2
82 43 5
39 14 1
82 41 1
83 67 1
83 64 1
60 6 1
60 7 1
60 2 1
60 3 2
60 1 3
94 23 1
94 27 1
60 9 2
75 50 1
22 6 2
22 8 1
22 9 1
120 57 1
120 52 1
12 11 1
12 10 3
100 16 1
100 17 1
100 15 1
100 10 1
47 34 1
47 31 1
47 32 1
47 39 1
72 9 1
72 8 1
26 23 1
26 22 2
26 21 1
26 20 1
26 25 1
26 24 1
59 32 1
59 31 1
59 36 1
59 37 1
57 52 2
73 72 1
22 10 1
22 11 1
22 16 1
22 17 1
16 9 16
16 8 15
16 1 3
16 3 4
16 2 3
56 55 1
16 7 4
16 6 6
36 28 1
36 29 1
8 3 1
8 2 3
118 28 1
118 29 1
8 7 2
36 27 3
36 24 1
110 10 1
110 17 1
110 15 1
110 18 1
119 43 1
75 6 2
100 31 1
75 9 1
42 27 1
42 29 1
42 28 2
117 60 1
117 64 1
109 64 1
109 67 1
101 23 1
86 29 1
86 28 2
70 68 1
70 69 1
91 61 1
64 28 5
64 20 1
64 23 4
64 27 1
64 26 1
52 36 2
52 35 1
78 67 1
37 18 1
37 10 7
37 14 3
37 15 3
37 16 7
37 17 3
67 38 1
88 35 1
117 89 1
67 32 2
67 31 4
67 30 1
82 58 1
82 50 3
82 51 1
82 52 1
82 53 2
82 54 1
63 3 1
112 45 1
94 17 1
94 16 1
94 15 1
94 14 1
94 10 1
95 10 2
95 12 1
95 13 1
95 14 1
95 15 1
95 16 1
48 45 1
48 47 1
7 2 5
55 29 1
55 28 1
55 27 1
111 45 2
81 78 1
24 6 4
24 7 2
24 3 2
25 6 1
24 1 2
43 41 1
43 42 1
47 27 3
47 24 1
47 23 1
104 10 1
104 16 1
47 28 1
18 6 3
18 3 2
18 1 1
18 9 3
18 8 6
51 44 1
103 52 2
73 43 3
73 46 1
73 45 1
103 57 2
36 17 1
36 16 4
36 14 2
36 11 3
36 10 3
56 43 1
73 8 2
73 9 1
36 19 1
56 45 1
16 11 10
16 10 31
16 13 3
16 12 2
16 15 11
16 14 16
46 14 2
46 15 2
46 16 2
46 10 3
57 45 1
119 31 1
85 47 1
85 40 1
17 1 2
17 2 2
42 31 1
101 32 1
101 31 1
17 7 1
17 8 7
17 9 10
60 15 1
60 16 1
60 17 1
60 10 2
22 21 1
22 20 1
102 99 1
64 38 1
64 32 3
64 33 1
64 31 2
64 37 1
64 35 2
52 23 1
52 24 2
52 26 1
52 27 1
115 114 1
66 9 2
78 10 1
78 13 1
78 16 1
65 9 1
65 8 1
65 4 1
67 28 4
67 29 1
67 20 1
88 43 1
67 23 3
67 27 1
83 43 1
83 45 1
63 44 1
118 8 1
62 1 1
62 3 1
107 6 1
58 52 1
58 51 1
58 57 1
38 9 1
38 6 1
55 39 1
55 37 1
55 32 1
55 31 1
39 16 2
39 17 2
82 81 1
39 15 1
39 10 3
122 16 1
122 17 1
122 15 1
122 10 1
35 32 3
43 38 2
100 32 1
43 31 4
43 30 1
43 32 3
43 35 2
43 37 1
43 36 1
47 10 2
47 16 2
98 64 1
47 14 1
51 50 2
59 10 4
59 11 2
59 12 1
59 13 1
59 14 2
59 15 1
59 16 2
59 17 2
24 9 1
4 3 3
4 2 2
4 1 2
73 54 1
73 50 2
114 7 1
89 15 1
89 14 1
89 17 2
89 16 2
89 10 3
119 29 1
119 28 1
6 1 11
105 27 1
119 27 1
109 82 1
109 83 1
116 9 1
91 49 1
108 107 1
91 43 1
74 20 1
90 61 1
89 86 1
20 4 1
10 9 19
89 87 1
10 7 4
10 6 9
10 3 5
10 2 3
10 1 4
90 1 1
80 17 1
80 10 2
80 11 2
88 50 1
94 8 1
64 6 1
64 7 1
64 8 3
64 9 3
19 16 2
120 6 1
120 7 1
120 3 1
95 20 1
58 47 2
58 40 1
27 18 3
27 15 4
27 14 6
27 17 6
27 16 12
27 11 4
27 10 14
38 33 1
86 45 1
54 36 1
54 38 1
104 8 1
39 23 1
111 23 1
39 27 3
111 28 2
39 29 1
39 28 3
39 6 1
39 7 1
107 78 1
39 8 2
61 35 1
43 28 8
43 29 4
43 23 2
43 20 1
10 8 19
100 23 1
43 27 3
98 59 1
96 59 1
51 20 1
51 24 2
99 6 2
29 2 1
109 17 1
109 10 1
73 28 1
73 20 1
73 27 1
29 9 3
81 14 1
81 17 1
81 16 2
119 10 1
81 10 1
55 8 2
118 11 1
118 10 2
118 17 1
118 16 1
7 1 12
104 37 1
27 9 1
27 8 8
27 7 3
27 6 11
27 1 2
27 3 4
105 34 1
30 13 1
42 18 1
69 31 1
42 10 3
65 10 1
42 16 2
122 28 1
97 17 1
90 50 1
91 50 1
74 50 1
110 64 1
11 6 3
11 7 2
11 2 2
11 3 3
88 61 1
11 1 1
80 20 1
11 8 5
11 9 5
64 10 9
64 11 3
64 14 2
64 15 5
64 16 7
64 17 3
64 18 2
63 60 1
63 61 1
63 62 1
78 32 1
78 30 1
79 35 1
95 8 1
95 9 2
24 21 1
24 20 1
24 23 1
24 22 1
95 2 1
95 6 1
50 49 2
50 45 4
50 46 2
50 41 1
50 42 1
50 43 6
121 9 1
121 8 1
122 39 1
39 38 1
111 19 1
111 14 1
111 15 1
39 36 1
39 37 2
111 10 1
111 12 1
111 13 1
116 10 1
36 23 1
107 44 1
8 6 2
43 17 4
43 16 12
43 15 1
43 14 5
108 44 1
43 11 3
43 10 10
11 10 11
43 19 1
43 18 2
23 11 2
23 10 12
23 13 1
23 12 1
23 15 7
23 14 5
23 17 6
23 16 9
23 18 3
105 6 1
55 15 1
55 16 1
55 17 1
55 10 2
55 11 1
66 59 1
87 1 1
110 109 1
97 66 1
51 36 1
73 38 1
73 36 1
65 44 1
89 32 1
89 31 1
89 35 1
104 27 1
46 45 2
46 43 1
46 40 1
85 58 1
69 27 1
60 44 2
101 67 1
101 60 1
56 9 1
56 8 1
26 6 1
26 7 1
26 3 1
26 8 1
26 9 1
90 43 1
90 49 1
74 43 1
74 46 1
84 16 1
84 17 1
84 14 1
80 31 1
80 32 1
80 33 1
80 38 1
121 31 1
121 33 1
101 89 1
91 87 1
91 86 1
46 8 3
46 9 2
46 6 1
46 7 1
91 89 1
91 88 1
6 5 1
6 4 6
12 9 2
12 8 1
6 3 16
6 2 5
78 28 1
12 6 1
12 2 1
122 8 1
122 4 1
122 7 1
58 27 1
58 24 1
50 31 2
50 30 1
50 33 1
50 32 1
50 35 1
120 103 1
50 36 1
64 29 3
54 11 1
54 16 1
54 19 1
54 18 1
122 27 1
30 14 1
30 17 1
30 16 3
30 10 3
31 18 1
31 16 9
31 17 5
31 14 3
31 15 4
31 10 12
31 11 3
106 50 1
106 53 1
83 28 3
116 28 1
116 29 1
108 78 1
66 53 1
61 10 1
61 17 1
61 16 1
61 14 1
118 117 1
118 116 1
72 64 1
9 2 2
9 3 3
9 6 5
9 7 1
80 66 1
9 8 8
102 6 1
102 7 1
102 8 1
86 61 1
86 8 1
86 9 1
89 23 1
86 2 1
86 1 1
89 28 2
89 29 2
15 10 12
15 11 3
15 12 3
15 13 3
15 14 6
50 3 4
50 1 2
89 27 1
50 6 3
50 9 7
50 8 3
113 55 1
60 59 1
98 95 1
93 16 1
93 17 1
93 14 1
93 15 1
93 10 1
65 31 1
81 32 1
65 33 1
81 30 1
74 73 1
74 72 1
57 8 1
84 28 1
84 27 1
57 6 2
57 7 3
84 23 1
57 1 1
57 3 2
38 19 1
80 44 1
38 15 1
38 17 1
38 16 3
38 11 2
38 10 3
88 87 1
88 86 1
112 19 1
102 39 1
102 10 1
61 28 1
91 90 1
45 11 1
27 24 2
27 25 1
27 26 2
27 20 1
27 21 2
27 22 2
27 23 8
48 10 1
44 19 1
48 16 1
58 16 2
58 14 1
58 11 1
58 10 1
45 7 2
50 29 2
45 1 1
45 3 1
45 2 1
50 22 1
50 23 1
50 20 2
50 21 1
45 9 5
50 27 3
50 24 1
13 6 2
83 81 1
13 2 1
13 8 1
13 9 2
119 8 1
31 29 4
31 28 7
122 55 1
31 23 6
31 22 2
31 21 1
31 20 1
31 27 6
31 26 1
31 24 1
56 33 2
56 32 3
95 86 1
106 45 1
106 42 1
97 8 1
97 2 1
118 103 1
72 50 1
51 18 2
51 10 3
51 11 2
51 14 3
51 16 1
51 17 2
33 8 1
33 9 4
67 33 1
77 76 1
51 9 1
51 3 3
51 1 2
51 6 3
51 7 1
51 4 1
89 50 1
65 22 1
65 20 1
81 28 2
65 28 1
81 27 1
119 67 1
81 23 1
119 66 1
103 8 1
103 7 5
103 6 3
103 4 2
103 3 1
103 2 1
113 45 2
63 1 1
85 6 1
93 23 1
34 27 3
93 27 1
73 10 2
73 11 1
73 16 2
73 18 1
73 19 1
58 9 1
58 3 3
58 1 2
58 7 3
58 6 4
74 64 1
95 19 1
80 59 2
121 17 1
121 16 1
121 10 1
49 48 1
49 47 1
49 45 2
49 43 2
112 28 1
2 1 5
102 27 1
102 23 1
102 28 1
99 27 1
99 23 2
99 29 1
99 28 2
43 3 1
43 2 1
43 1 1
43 6 3
43 9 7
43 8 7
50 17 5
50 16 7
50 15 1
50 14 6
24 18 1
50 11 3
50 10 10
24 14 2
24 16 2
24 17 2
24 10 4
24 11 3
50 18 3
31 30 1
49 24 1
122 45 1
87 86 1
48 27 1
48 24 1
41 40 1
44 4 4
44 6 5
44 7 5
44 1 2
44 3 2
118 9 1
100 60 1
100 67 1
118 7 1
72 46 1
72 43 1
23 20 1
23 21 2
23 22 2
55 45 1
55 43 1
30 29 1
5 4 1
5 2 1
5 3 1
5 1 1
77 44 1
102 46 1
35 10 3
35 11 1
35 16 3
35 17 2
35 14 1
35 15 2
86 49 2
19 11 1
87 61 1
86 43 2
34 10 1
19 18 1
34 17 1
34 16 1
89 43 1
89 49 1
29 17 5
30 1 1
30 3 1
29 16 7
65 17 1
65 16 1
30 9 2
110 82 1
110 83 1
47 40 2
97 10 1
97 11 1
97 16 1
47 45 1
47 46 1
52 1 4
110 67 1
52 3 9
52 4 2
52 7 7
52 6 8
52 9 1
52 8 1
29 10 10
93 32 1
48 31 1
100 9 1
53 11 1
84 6 1
85 27 1
59 2 2
59 3 2
59 1 1
59 6 2
59 7 2
59 9 3
18 11 2
80 67 1
38 32 1
38 31 2
38 37 1
38 36 2
38 35 1
52 18 2
117 10 1
121 65 1
103 17 1
103 16 1
42 8 2
42 9 1
103 11 1
103 10 1
119 16 1
45 15 6
45 14 6
45 17 5
45 16 14
102 14 1
45 10 15
45 13 2
45 12 1
45 19 1
45 18 3
99 35 1
99 32 1
81 13 1
99 31 1
99 38 1
99 39 1
53 45 1
53 43 3
53 42 1
117 116 1
78 1 2
78 3 1
71 52 1
78 4 1
78 7 2
78 6 2
30 28 2
82 28 3
82 24 1
82 27 1
65 51 1
82 23 2
30 23 1
65 50 1
106 29 1
106 28 1
48 32 1
48 34 1
27 2 1
61 60 1
18 10 9
18 17 4
18 16 4
18 15 1
18 14 3
20 10 3
20 11 2
20 12 1
20 13 1
20 15 2
20 16 1
112 16 1
86 50 1
35 29 2
35 28 3
35 27 1
35 23 2
36 3 3
36 1 1
87 50 1
36 7 1
36 6 2
67 11 1
67 10 7
81 43 1
88 14 1
81 45 2
97 29 1
97 27 1
91 1 1
101 9 1
67 17 3
69 68 1
67 18 2
31 8 4
31 9 7
31 6 5
31 7 2
31 1 1
31 3 1
53 8 1
53 9 3
53 6 1
113 67 1
98 9 1
98 6 1
118 89 1
38 27 1
38 20 1
38 23 1
108 6 1
38 28 2
38 29 2
83 6 1
83 9 1
83 8 1
90 86 1
90 87 1
90 88 1
90 89 1
103 64 1
67 53 1
44 20 1
94 93 1
52 51 3
52 50 2
53 50 3
95 32 1
41 3 2
41 9 1
33 32 3
50 28 6
45 6 3
71 69 1
71 68 1
50 26 1
104 18 1
45 8 7
83 31 1
82 38 1
82 36 2
14 13 2
14 12 2
82 30 1
82 31 1
116 64 1
116 60 1
79 7 1
13 1 1
83 82 2
61 52 1
61 50 1
28 21 1
28 20 1
28 23 10
28 22 1
100 89 1
28 27 10
28 26 2
66 10 4
66 11 2
66 16 3
66 17 3
72 20 1
19 7 1
54 53 1
37 8 4
37 9 3
34 32 2
34 31 1
70 1 1
35 31 1
70 3 1
35 34 1
70 7 1
70 6 1
87 49 1
87 43 1
89 60 2
89 61 1
89 64 1
89 67 1
69 52 1
68 52 1
25 24 1
25 22 1
25 23 1
25 20 1
25 21 1
113 8 1
113 12 1
113 13 1
113 10 2
113 16 2
113 17 1
113 14 1
113 15 2
91 29 1
89 88 1
45 29 2
33 29 2
33 28 3
33 27 1
33 26 1
33 20 1
33 23 2
33 22 1
84 81 1
84 83 1
84 82 1
49 11 1
49 10 4
49 14 3
49 17 1
49 16 4
109 15 1
99 7 1
29 1 1
29 6 1
7 4 10
7 5 1
7 6 19
29 8 3
109 18 1
99 8 1
7 3 15
121 26 1
67 45 2
67 43 2
45 33 1
45 32 4
45 31 2
45 30 2
45 37 5
45 34 2
121 22 1
45 39 1
99 14 1
99 15 1
99 16 1
99 10 2
52 45 1
82 9 3
82 6 2
82 7 1
82 3 2
82 1 1
121 28 1
80 24 1
71 70 1
66 18 1
40 8 2
83 27 1
83 23 3
40 3 1
40 6 2
40 7 1
40 10 1
40 14 1
95 49 1
95 43 1
41 10 1
95 45 1
41 16 1
66 27 2
61 49 1
66 24 1
61 43 1
61 44 1
66 29 2
66 28 1
72 16 1
72 10 1
54 43 1
75 10 1
49 9 1
49 8 1
49 1 1
49 3 1
49 2 1
49 7 1
49 6 1
86 32 1
34 24 1
86 35 1
34 28 1
87 35 1
34 7 1
34 6 3
81 67 1
71 1 1
71 3 1
71 6 1
71 7 1
62 44 1
93 8 1
105 45 1
66 2 1
17 3 2
42 37 2
17 6 5
25 11 1
56 15 2
56 14 1
56 17 1
56 16 3
56 11 2
56 10 3
57 16 1
57 17 1
57 10 1
57 11 1
118 64 2
118 60 1
28 8 9
28 9 10
28 2 1
28 1 2
28 6 6
28 7 1
33 30 1
33 31 4
121 50 1
117 29 1
117 28 1
67 9 3
67 8 2
13 12 3
13 10 4
13 11 1
67 1 1
67 6 1
109 23 1
109 28 1
64 60 1
103 44 1
103 45 1
21 20 1
45 28 11
91 28 1
45 24 1
45 26 1
45 27 8
45 20 1
45 23 4
99 64 1
21 9 1
76 61 1
21 6 2
81 6 1
81 1 1
82 14 4
82 15 1
82 16 6
82 17 3
82 10 3
82 11 3
58 36 1
82 18 1
82 19 1
83 10 2
83 17 2
83 16 2
83 15 1
83 14 1
83 18 2
40 28 1
40 27 2
40 23 1
95 59 1
66 31 1
66 32 1
47 7 3
47 6 4
47 3 1
47 9 1
47 8 1
92 42 1
116 89 1
75 23 2
75 22 1
75 21 1
75 27 2
75 28 1
87 28 1
87 29 1
48 1 1
48 3 1
48 6 2
48 7 2
110 28 1
110 23 1
98 35 1
35 1 2
35 3 1
35 4 1
35 6 3
35 7 2
59 45 1
76 7 2
76 6 1
59 49 1
76 4 2
76 3 1
70 52 1
65 26 1
69 7 3
69 6 2
69 3 2
69 1 3
113 39 1
113 37 1
32 31 7
32 30 2
3 1 13
3 2 3
49 36 1
49 35 1
49 34 1
49 32 2
49 31 1
109 31 1
17 12 1
17 13 1
17 10 17
17 11 6
17 16 15
17 14 9
17 15 6
90 35 1
91 35 1
21 11 1
21 10 1
29 28 8
66 6 1
66 8 3
29 23 3
29 27 3
115 7 1
111 16 2
80 9 2
80 6 1
80 7 2
76 52 1
37 27 4
37 26 1
37 29 1
37 28 4
122 37 1
67 64 1
67 66 2
67 60 1
20 2 1
20 1 1
20 6 3
82 64 1
82 67 1
20 8 1
20 9 3
40 39 1
41 30 1
95 28 2
89 9 2
89 1 2
89 3 1
28 18 4
28 19 1
28 10 22
28 12 2
28 13 3
28 14 8
28 15 7
28 16 17
28 17 9
88 49 1
75 31 2
75 32 1
122 113 1
87 17 1
87 16 1
87 14 1
87 10 1
86 10 2
86 14 2
86 16 2
86 17 1
14 9 8
14 8 6
66 43 2
14 3 4
14 2 2
14 1 3
61 29 1
14 7 2
14 6 5
62 61 1
62 60 1
41 8 1
104 45 1
46 28 1
104 42 1
110 31 1
46 27 1
46 20 2
46 23 1
98 28 1
98 23 1
98 20 1
59 50 1
32 7 1
32 6 4
56 31 2
32 2 1
32 1 1
32 9 6
32 8 3
112 111 1
77 7 1
77 4 1
113 28 2
113 23 1
113 27 1
118 45 1
32 27 5
32 24 2
32 23 7
32 21 1
32 28 7
32 29 4
49 28 2
49 29 1
60 20 1
60 23 1
60 29 1
60 28 1
49 27 2
68 6 1
68 7 1
68 3 1
68 1 1
64 43 2
102 40 1
102 47 1
64 46 1
64 45 3
99 47 1
99 46 1
29 15 2
29 14 2
99 43 1
29 11 2
99 40 1
45 42 2
45 43 4
45 41 1
90 28 1
90 29 1
53 10 2
95 44 1
53 16 3
53 17 2
53 14 2
53 18 2
33 14 2
33 15 2
33 16 4
33 17 3
33 10 4
33 11 2
52 11 3
52 10 4
52 14 3
52 17 3
52 16 2
78 44 2
78 45 1
76 44 1
78 48 1
37 31 2
37 36 1
88 16 1
88 17 1
67 13 2
67 12 1
67 15 3
67 14 1
88 10 1
67 16 5
61 7 1
61 6 1
61 4 1
61 3 2
61 1 2
82 73 1
103 80 1
94 32 1
23 9 5
23 8 4
23 3 1
23 7 1
23 6 7
88 1 1
14 11 7
111 67 1
14 10 15
106 10 1
15 2 1
15 6 2
46 39 1
46 37 1
15 8 4
15 9 5
98 13 1
98 12 1
98 11 1
98 10 2
98 16 1
98 15 2
26 16 2
26 17 1
26 14 1
26 15 1
26 10 2
26 11 1
59 28 1
59 20 2
59 24 1
59 27 1
73 64 1
74 9 1
74 8 1
56 28 1
56 29 2
56 27 2
56 23 1
118 57 1
118 52 1
32 13 1
32 11 4
32 10 12
32 17 6
32 16 10
32 15 6
32 14 4
84 45 1
84 43 1
60 32 1
60 31 1
101 15 1
101 17 1
101 16 1
101 10 1
98 32 1
91 14 1
91 16 1
91 17 1
91 10 1
64 56 1
64 57 1
64 50 1
64 52 1
90 10 1
90 17 1
90 16 1
90 14 1
53 29 1
53 28 2
74 16 1
74 10 1
101 100 1
113 111 1
