0 1
0 2
0 3
0 4
0 5
0 9
0 10
0 12
0 15
0 23
0 31
0 32
0 33
1 0
1 2
1 3
1 4
2 0
2 1
2 3
2 4
2 5
2 13
2 16
2 18
2 19
2 27
2 37
3 0
3 1
3 2
3 4
3 9
3 10
3 12
3 15
4 0
4 1
4 2
4 3
4 19
4 37
5 0
5 2
5 7
5 8
5 9
5 10
5 11
5 15
5 17
5 20
5 21
5 23
5 24
5 26
5 28
5 35
5 36
5 49
5 52
5 54
5 55
5 61
6 7
6 8
6 9
6 10
6 11
6 21
7 5
7 6
7 8
7 9
7 10
7 11
8 5
8 6
8 7
8 9
8 10
8 11
8 22
8 25
9 0
9 3
9 5
9 6
9 7
9 8
9 10
9 11
9 12
10 0
10 3
10 5
10 6
10 7
10 8
10 9
10 11
10 13
10 15
10 21
10 23
10 24
10 26
10 28
10 35
10 52
10 54
11 5
11 6
11 7
11 8
11 9
11 10
11 14
11 21
12 0
12 3
12 9
12 13
12 22
13 2
13 10
13 12
13 14
13 16
13 17
13 18
14 11
14 13
15 0
15 3
15 5
15 10
15 17
15 23
15 24
15 28
15 35
15 52
16 2
16 13
16 18
17 5
17 13
17 15
17 18
18 2
18 13
18 16
18 17
18 22
18 25
19 2
19 4
19 37
20 5
20 28
20 29
20 45
20 46
20 47
20 48
20 59
21 5
21 6
21 10
21 11
22 8
22 12
22 18
22 25
23 0
23 5
23 10
23 15
23 33
24 5
24 10
24 15
24 26
24 28
24 35
24 54
25 8
25 18
25 22
25 34
26 5
26 10
26 24
26 30
27 2
28 5
28 10
28 15
28 20
28 24
28 35
28 52
28 53
28 54
28 61
29 20
29 45
29 47
29 62
30 26
31 0
31 33
32 0
32 33
33 0
33 23
33 31
33 32
34 25
35 5
35 10
35 15
35 24
35 28
36 5
36 38
36 39
36 40
36 41
36 42
36 43
36 56
36 57
36 58
36 60
37 2
37 4
37 19
38 36
38 42
38 59
39 36
39 40
39 41
39 42
40 36
40 39
40 43
40 46
40 58
40 61
41 36
41 39
42 36
42 38
42 39
43 36
43 40
44 45
45 20
45 29
45 44
45 46
45 47
45 50
45 51
45 62
46 20
46 40
46 45
46 61
46 62
47 20
47 29
47 45
47 48
48 20
48 47
49 5
50 45
51 45
52 5
52 10
52 15
52 28
52 53
53 28
53 52
54 5
54 10
54 24
54 28
55 5
56 36
57 36
58 36
58 40
59 20
59 38
60 36
61 5
61 28
61 40
61 46
62 29
62 45
62 46
