# Undirected graph (each unordered pair of nodes is saved once): randomgraph.meandegree.10.nodes.1001.elist.txt
# Nodes: 1001 Edges: 5005
# NodeId	NodeId
0	155
0	290
0	540
0	615
0	693
0	782
0	816
1	126
1	212
1	353
1	447
1	519
1	712
1	726
1	738
1	876
1	912
1	944
1	975
2	189
2	241
2	454
2	739
2	975
3	104
3	177
3	228
3	270
3	361
3	469
3	636
3	893
3	915
3	994
4	285
4	377
4	491
4	600
4	630
4	665
4	674
4	694
4	899
4	919
4	930
4	942
5	116
5	140
5	205
5	241
5	823
5	900
5	989
6	41
6	52
6	113
6	396
6	522
6	560
6	649
6	792
6	947
7	82
7	116
7	258
7	333
7	563
7	679
8	52
8	137
8	225
8	247
8	414
8	524
8	568
8	604
8	616
8	794
8	822
8	930
8	940
8	998
9	243
9	352
9	583
9	625
9	810
9	924
10	147
10	327
10	648
10	653
11	304
11	385
11	401
11	418
11	438
11	470
11	516
11	534
11	600
11	705
11	722
11	845
11	964
11	971
12	109
12	208
12	270
12	272
12	401
12	490
12	543
12	718
12	753
12	762
12	777
12	812
13	280
13	373
13	416
13	462
13	592
13	618
13	720
13	722
13	928
14	59
14	174
14	346
14	462
14	503
14	582
14	649
14	709
14	964
15	31
15	129
15	158
15	266
15	286
15	424
15	554
15	599
15	837
15	890
15	927
16	219
16	302
16	431
16	671
16	674
16	830
16	889
16	990
17	81
17	176
17	178
17	333
17	470
17	530
17	578
17	628
17	739
17	783
17	806
17	826
17	857
18	20
18	25
18	184
18	342
18	350
18	375
18	616
18	634
18	783
18	848
19	68
19	84
19	106
19	337
19	555
19	610
19	639
19	729
19	752
19	782
19	790
19	850
19	983
20	34
20	152
20	401
20	439
20	465
20	506
20	509
20	776
20	806
20	822
20	846
20	875
20	889
20	916
21	40
21	125
21	375
21	468
21	518
21	573
22	39
22	43
22	177
22	352
22	488
22	731
22	872
22	934
23	92
23	97
23	172
23	202
23	253
23	306
23	335
23	450
23	703
23	721
23	902
23	914
24	125
24	208
24	226
24	256
24	290
24	323
24	334
24	503
24	704
24	829
25	66
25	67
25	81
25	104
25	213
25	237
25	562
25	961
26	43
26	92
26	121
26	132
26	539
26	567
26	692
26	711
26	840
26	895
26	949
26	969
27	273
27	283
27	929
27	944
27	980
27	982
28	96
28	152
28	219
28	326
28	332
28	657
28	676
28	717
28	723
29	195
29	246
29	308
29	401
29	452
29	552
29	554
29	586
29	717
29	838
30	95
30	110
30	136
30	396
30	483
30	524
30	573
30	603
30	694
30	717
31	342
31	491
31	496
31	554
31	686
31	996
32	65
32	106
32	571
32	585
32	594
32	654
32	899
33	320
33	436
33	473
33	631
33	703
33	763
33	773
33	797
33	872
33	989
34	147
34	162
34	277
34	483
34	613
34	760
34	936
35	47
35	57
35	107
35	119
35	293
35	561
35	600
35	610
35	627
35	705
35	739
35	747
35	933
36	319
36	395
36	580
36	873
37	52
37	295
37	502
37	539
37	581
37	598
37	623
37	664
37	695
37	725
37	831
37	852
37	894
37	955
37	977
37	986
38	128
38	549
38	672
38	750
39	135
39	191
39	250
39	324
39	532
39	873
39	892
39	974
40	107
40	174
40	211
40	243
40	412
40	503
40	517
40	543
40	585
40	615
40	738
40	757
40	912
40	984
41	136
41	151
41	163
41	179
41	247
41	428
41	640
41	684
41	917
42	61
42	229
42	339
42	367
42	446
42	554
42	645
42	680
42	923
43	264
43	269
43	293
43	404
43	437
43	474
43	486
43	507
43	622
43	676
43	778
43	803
43	956
43	971
44	70
44	190
44	380
44	631
44	638
44	676
44	679
44	739
44	783
44	948
45	221
45	267
45	335
45	408
45	531
45	652
46	158
46	239
46	258
46	746
46	761
46	851
46	956
46	986
47	112
47	186
47	250
47	310
47	325
47	356
47	365
47	379
47	656
47	669
47	764
47	798
47	812
48	125
48	258
48	261
48	360
48	362
48	415
48	813
48	853
48	916
49	64
49	185
49	202
49	244
49	258
49	322
49	361
49	863
49	960
50	146
50	263
50	265
50	315
50	352
50	419
50	431
50	702
50	858
50	872
51	312
51	417
51	426
51	463
51	467
51	617
51	653
51	730
51	860
51	923
52	79
52	147
52	467
52	531
52	675
52	844
52	976
53	82
53	83
53	236
53	278
53	279
53	289
53	300
53	343
53	640
53	674
53	765
53	814
53	850
53	928
54	56
54	239
54	278
54	302
54	341
54	400
54	455
54	636
54	649
54	879
55	186
55	342
55	406
55	494
55	527
55	551
55	683
55	851
55	867
55	889
56	199
56	414
56	467
56	574
56	778
56	816
56	853
57	146
57	177
57	202
57	449
57	452
57	488
57	522
57	745
57	768
57	805
57	898
57	927
57	995
58	107
58	286
58	311
58	496
58	579
58	604
58	742
58	811
58	983
59	440
59	478
59	532
59	573
59	656
59	657
59	671
59	675
60	288
60	344
60	397
60	438
60	590
60	618
60	776
60	872
60	875
60	889
61	407
61	419
61	725
61	846
61	876
61	907
61	932
61	980
62	65
62	122
62	136
62	176
62	238
62	478
62	640
62	943
63	126
63	141
63	151
63	349
63	456
63	568
63	605
63	706
63	709
63	723
63	828
63	925
63	929
63	961
64	343
64	356
64	366
64	442
64	471
64	893
64	929
65	90
65	202
65	313
65	545
65	694
65	721
65	722
65	811
65	884
65	886
65	994
66	89
66	100
66	188
66	272
66	303
66	409
66	426
66	447
66	450
66	526
66	608
66	647
66	650
66	701
66	742
66	752
66	776
66	798
66	813
66	904
67	198
67	280
67	384
67	457
67	478
67	618
67	760
67	858
68	234
68	285
68	667
68	699
68	762
68	794
68	995
69	136
69	156
69	175
69	297
69	387
69	556
69	648
69	745
69	858
69	883
69	893
69	985
70	139
70	186
70	311
70	343
70	410
70	448
70	484
70	503
70	552
70	604
70	641
70	695
70	715
70	874
71	283
71	401
71	906
71	982
72	88
72	107
72	202
72	229
72	274
72	301
72	365
72	471
72	498
72	634
72	700
72	752
72	914
72	975
73	111
73	241
73	317
73	412
73	541
73	618
73	724
73	749
73	812
74	150
74	444
74	488
74	634
74	781
74	851
74	971
75	139
75	231
75	351
75	359
75	380
75	414
76	341
76	368
76	430
76	555
76	561
76	671
76	829
77	163
77	168
77	206
77	261
77	324
77	446
77	451
77	591
77	715
77	855
78	98
78	243
78	302
78	477
78	685
78	860
78	862
79	177
79	183
79	187
79	826
79	843
79	853
79	920
80	132
80	259
80	326
80	390
80	473
80	660
80	679
80	984
81	208
81	264
81	327
81	334
81	364
81	481
81	492
81	497
81	619
81	689
81	698
81	780
81	902
81	906
81	937
82	102
82	123
82	282
82	292
82	310
82	321
82	324
82	362
82	397
82	428
82	446
82	550
82	624
82	633
82	644
82	742
83	257
83	275
83	284
83	328
83	335
83	337
83	408
83	432
83	534
83	698
83	797
83	828
83	841
83	850
83	875
83	897
83	900
83	917
83	973
84	147
84	360
84	496
84	500
84	585
84	665
85	606
85	663
85	675
85	771
85	806
85	903
86	409
86	596
86	770
86	778
87	127
87	274
87	360
87	473
87	735
87	964
88	158
88	589
88	608
88	649
88	656
88	784
88	785
88	974
88	978
89	113
89	141
89	193
89	291
89	446
89	485
89	585
89	879
89	913
89	985
90	182
90	695
91	96
91	261
91	300
91	469
91	507
91	562
91	710
91	804
91	899
92	213
92	460
92	535
92	542
92	909
92	981
93	98
93	335
93	365
93	368
93	396
93	427
93	437
93	553
93	600
93	802
94	264
94	277
94	316
94	432
94	498
94	542
94	680
94	719
94	802
94	929
95	121
95	178
95	186
95	214
95	272
95	279
95	343
95	462
95	644
95	709
95	737
95	786
95	787
96	147
96	160
96	177
96	215
96	226
96	367
96	546
96	554
96	585
96	681
96	741
96	877
97	245
97	327
97	352
97	417
97	515
97	679
97	738
97	743
97	802
97	807
97	911
97	986
98	337
98	370
98	659
98	818
98	882
99	105
99	113
99	163
99	200
99	205
99	278
99	326
99	401
99	446
99	518
99	574
99	597
99	612
99	849
99	926
99	971
100	127
100	194
100	211
100	268
100	485
100	644
100	781
100	907
101	117
101	134
101	244
101	349
101	358
101	466
101	532
101	551
101	577
101	629
101	640
101	662
101	706
101	859
102	119
102	190
102	200
102	408
102	419
102	467
102	494
102	506
102	555
102	703
102	711
102	738
102	830
103	112
103	115
103	120
103	197
103	284
103	290
103	512
103	523
103	660
103	818
103	863
103	960
104	294
104	596
104	673
104	714
104	765
104	775
104	812
104	851
104	984
105	217
105	234
105	549
105	619
105	634
105	639
105	753
105	775
105	841
105	892
105	938
105	947
105	982
106	148
106	239
106	298
106	299
106	349
106	500
106	673
107	305
107	316
107	535
107	748
107	777
107	895
108	889
108	970
109	171
109	356
109	378
109	575
109	598
109	784
109	839
109	946
109	976
109	982
110	183
110	186
110	204
110	205
110	239
110	276
110	345
110	398
110	418
110	436
110	486
110	560
110	809
111	188
111	376
111	395
111	549
111	551
111	555
111	738
111	939
111	953
112	174
112	344
112	372
112	487
112	496
112	897
113	174
113	201
113	214
113	247
113	413
113	502
113	599
113	697
113	913
113	923
113	938
114	370
114	515
114	590
114	748
114	844
114	912
114	952
114	988
115	147
115	210
115	228
115	239
115	409
115	484
115	571
115	825
115	948
115	1000
116	266
116	400
116	404
116	421
116	476
116	536
116	581
116	762
116	880
116	893
116	915
117	305
117	329
117	373
117	444
117	471
117	589
117	711
117	884
118	178
118	349
118	472
118	632
118	726
118	856
118	876
119	168
119	242
119	317
119	457
119	503
119	510
119	630
119	894
119	979
120	188
120	295
120	480
120	636
120	910
120	920
121	308
121	336
121	379
121	415
121	443
121	547
121	765
121	810
121	879
121	883
122	307
122	490
122	526
122	887
122	910
122	927
122	960
122	971
123	349
123	394
123	778
123	873
123	874
123	899
123	951
124	128
124	193
124	328
124	634
124	948
124	987
124	999
125	128
125	227
125	240
125	348
125	447
125	583
125	662
125	698
125	791
125	825
125	829
125	911
125	920
126	153
126	196
126	478
126	492
126	710
126	795
126	803
126	966
127	409
127	836
128	153
128	230
128	233
128	270
128	276
128	331
128	334
128	411
128	453
128	523
128	633
128	912
128	983
129	145
129	248
129	337
129	510
129	527
129	613
129	719
129	732
129	796
130	247
130	426
130	471
130	596
130	712
130	734
130	872
130	896
130	976
131	437
131	460
131	540
131	810
131	976
132	216
132	355
132	395
133	235
133	312
133	355
133	373
133	384
133	446
133	511
133	587
133	615
133	959
133	986
134	174
134	203
134	285
134	520
134	658
134	677
134	734
134	826
134	831
134	841
134	842
134	1000
135	267
135	746
135	840
135	851
135	857
135	904
135	987
136	266
136	352
136	414
136	467
136	587
136	775
136	890
137	185
137	297
137	388
137	396
137	590
137	728
137	786
137	843
138	157
138	221
138	241
138	411
138	468
138	903
138	1000
139	196
139	343
139	488
139	725
139	801
139	938
139	995
140	152
140	161
140	180
140	314
140	632
140	645
140	703
140	730
140	771
140	866
140	887
140	909
141	311
141	459
141	523
141	531
141	957
141	991
142	348
142	357
142	967
143	350
143	466
143	513
143	609
143	658
143	692
143	749
143	833
143	866
143	877
143	952
144	175
144	199
144	266
144	293
144	306
144	526
144	600
144	614
144	706
144	708
144	770
144	804
145	419
145	473
145	489
145	603
145	609
145	615
145	824
145	828
145	904
146	152
146	329
146	650
146	702
146	740
146	766
146	778
146	795
146	807
146	954
147	164
147	249
147	280
147	603
147	628
147	631
147	729
147	917
147	937
147	970
148	424
148	613
148	703
148	752
148	903
148	919
148	938
148	974
148	1000
149	189
149	204
149	337
149	365
149	429
149	791
150	265
150	332
150	356
150	608
150	609
150	623
150	633
150	674
150	942
150	991
151	264
151	335
151	352
151	386
151	505
151	627
151	629
151	833
151	901
151	978
151	992
152	188
152	410
152	514
152	564
152	630
152	751
152	878
153	257
153	500
153	539
153	608
153	763
153	796
153	805
153	820
154	239
154	349
154	546
154	702
154	787
155	278
155	355
155	371
155	554
155	728
155	832
155	854
155	941
156	223
156	302
156	331
156	471
156	610
156	647
156	714
157	420
157	577
157	601
157	776
157	969
158	177
158	260
158	321
158	336
158	395
158	433
158	452
158	477
158	507
158	524
158	651
158	729
158	766
158	816
158	892
158	913
159	201
159	220
159	283
159	421
159	499
159	592
159	637
159	658
159	767
159	950
159	962
160	166
160	202
160	221
160	326
160	424
160	621
160	696
160	840
160	880
161	444
161	498
161	518
161	533
161	544
161	587
161	735
161	776
161	825
162	250
162	251
162	456
162	502
162	569
162	617
162	752
162	845
163	353
163	483
163	574
163	624
163	665
163	737
163	803
163	862
163	926
164	238
164	528
164	565
164	601
164	656
164	680
164	863
165	179
165	197
165	227
165	242
165	336
165	378
165	576
166	250
166	296
166	478
166	594
166	772
166	833
167	177
167	317
167	360
167	475
167	698
167	724
167	828
167	881
167	893
167	931
167	949
168	182
168	225
168	262
168	290
168	319
168	491
168	515
168	546
168	846
168	906
169	220
169	548
169	549
169	557
169	573
169	592
169	715
169	948
170	179
170	470
170	598
170	724
170	870
170	981
171	206
171	319
171	328
171	347
171	384
171	532
171	539
171	550
171	778
171	787
171	830
171	939
172	275
172	422
172	461
172	472
172	635
172	688
172	861
173	178
173	632
173	747
173	808
173	826
174	280
174	479
174	509
174	532
174	546
174	569
174	577
174	599
174	633
174	642
174	761
174	831
174	833
174	843
175	357
175	503
175	532
175	653
175	722
175	746
175	924
176	227
176	240
176	341
176	506
176	555
176	556
176	699
177	199
177	211
177	240
177	404
177	783
178	240
178	271
178	374
178	688
178	882
179	243
179	258
179	397
179	411
179	418
179	488
179	497
179	526
179	591
179	613
179	919
179	1000
180	278
180	302
180	419
180	518
180	898
180	925
180	963
181	268
181	301
181	368
181	443
181	614
181	744
181	992
182	849
182	897
182	956
183	187
183	285
183	334
183	514
183	536
183	564
183	615
183	725
183	779
183	850
184	408
184	422
184	686
184	727
184	817
184	965
184	970
185	222
185	343
185	406
185	544
185	566
185	577
185	654
185	717
185	784
186	347
186	388
186	473
186	805
186	872
186	945
186	990
187	227
187	239
187	263
187	323
187	461
187	504
187	565
187	625
187	662
187	742
187	884
187	943
187	999
188	246
188	311
188	416
188	504
188	572
188	575
188	758
188	818
188	840
188	947
189	282
189	347
189	548
189	626
189	632
189	685
189	843
190	501
190	560
190	596
190	669
190	720
190	746
190	831
190	855
191	222
191	289
191	386
191	569
191	863
191	978
192	306
192	683
192	852
193	400
193	465
193	509
193	645
193	742
193	748
193	760
194	296
194	322
194	534
194	563
194	624
194	739
194	859
194	904
195	345
195	382
195	483
195	650
195	662
195	667
195	678
195	893
195	895
196	217
196	230
196	244
196	293
196	487
196	594
196	745
196	907
196	912
196	919
196	935
197	801
197	916
198	321
198	372
198	424
198	452
198	542
198	602
198	605
198	876
198	970
199	209
199	293
199	370
199	572
199	938
200	563
200	673
200	739
201	270
201	361
201	501
201	611
201	619
201	812
201	890
201	959
202	212
202	271
202	556
202	639
202	667
202	794
202	796
203	228
203	454
203	660
203	679
203	695
203	756
203	796
203	843
203	942
203	972
203	988
204	205
204	261
204	340
204	576
204	854
204	899
204	960
204	999
205	334
205	457
205	491
205	493
205	495
205	632
205	721
205	917
206	623
206	956
207	271
207	349
207	433
207	699
207	722
207	726
207	735
207	890
208	260
208	277
208	482
208	626
208	630
208	788
208	829
208	883
208	885
208	887
208	959
209	254
209	292
209	321
209	416
209	476
209	515
209	544
209	940
209	949
210	256
210	354
210	542
210	553
210	581
210	769
210	1000
211	226
211	269
211	294
211	296
211	330
211	400
211	694
211	890
211	954
211	973
212	214
212	289
212	334
212	393
212	451
212	733
212	791
212	849
212	901
212	905
212	954
213	249
213	561
213	615
213	645
213	983
214	223
214	233
214	282
214	517
214	560
214	640
214	760
215	243
215	314
215	466
215	735
215	907
216	244
216	285
216	313
216	472
216	908
217	269
217	345
217	557
217	659
217	703
217	727
217	761
217	851
217	893
217	957
218	277
218	359
218	375
218	379
218	600
218	714
219	291
219	392
219	459
219	523
219	623
219	655
219	656
219	835
219	844
220	240
220	280
220	369
220	418
220	420
220	426
220	449
220	550
220	773
220	783
220	854
220	939
221	249
221	352
221	556
221	600
221	701
221	731
221	987
222	352
222	432
222	490
222	496
222	526
222	644
222	662
222	787
222	895
223	258
223	276
223	359
223	417
223	496
223	733
223	902
224	259
224	297
224	542
224	571
224	598
224	632
224	825
224	844
224	873
224	907
224	919
225	244
225	324
225	360
225	366
225	392
225	492
225	563
225	605
226	267
226	547
226	697
226	790
226	912
226	956
227	508
227	684
227	692
227	770
227	895
228	237
228	240
228	243
228	290
228	340
228	386
228	394
228	539
228	572
228	586
228	728
228	744
228	810
228	873
228	934
228	945
228	992
229	237
229	264
229	640
229	760
229	926
229	940
229	977
230	293
230	353
230	538
230	603
230	988
231	269
231	299
231	317
231	635
231	666
231	825
232	236
232	243
232	250
232	278
232	492
232	607
232	610
232	625
232	661
232	708
232	943
232	976
233	254
233	269
233	533
233	601
233	694
233	791
233	796
233	841
233	870
233	893
234	423
234	690
234	888
234	947
234	1000
235	408
235	580
235	584
235	684
235	715
235	733
235	827
235	996
236	254
236	356
236	492
236	558
236	612
236	707
236	796
236	871
236	878
236	941
237	284
237	388
237	532
237	945
238	272
238	332
238	392
238	427
238	535
238	594
238	643
238	662
238	678
239	345
239	389
239	437
239	580
239	664
239	666
239	706
239	755
239	826
239	857
239	879
239	883
240	271
240	320
240	600
240	712
240	752
240	831
241	341
241	349
241	358
241	422
241	456
241	497
241	503
241	796
241	844
242	350
242	431
242	553
242	649
242	824
242	847
242	954
242	981
243	296
243	416
243	499
243	503
243	553
243	594
243	704
243	752
243	783
244	253
244	267
244	336
244	449
244	579
244	604
244	636
244	648
244	700
244	855
245	306
245	331
245	410
245	474
245	532
245	656
245	861
245	876
246	364
246	472
246	564
246	580
246	628
246	633
246	768
246	854
247	395
247	407
247	415
247	425
247	480
247	648
247	685
247	750
247	807
247	889
248	313
248	386
248	435
248	450
248	521
248	590
248	609
248	631
248	696
248	715
248	718
248	724
248	745
248	792
248	851
248	971
248	980
249	354
249	463
249	512
249	561
249	645
249	711
250	304
250	324
250	350
250	394
250	400
250	538
250	546
250	651
250	761
250	851
250	991
251	421
251	621
251	780
251	793
251	825
251	831
252	473
252	617
252	672
252	681
252	697
253	290
253	292
253	302
253	322
253	349
253	497
253	732
253	762
253	769
253	830
253	964
254	269
254	372
254	459
254	531
254	586
254	610
254	683
254	747
254	974
255	332
255	381
255	467
255	515
255	561
255	565
255	623
255	682
255	745
255	817
255	845
255	870
255	881
255	907
256	279
256	365
256	437
256	451
256	620
256	700
256	726
256	741
256	990
257	305
257	526
257	730
257	752
257	908
258	327
258	601
258	656
258	662
258	806
258	841
258	871
258	903
258	986
258	992
259	351
259	437
259	463
259	515
259	559
259	674
259	780
259	808
259	891
259	910
259	979
259	981
260	327
260	350
260	609
260	831
260	836
260	929
261	272
261	348
261	483
261	566
261	639
261	797
261	818
261	986
262	264
262	530
262	586
262	591
262	637
262	715
262	771
262	895
262	985
263	307
263	414
263	524
263	526
263	715
263	734
263	845
263	918
263	993
264	274
264	284
264	324
264	330
264	351
264	442
264	462
264	547
264	778
264	804
264	816
264	864
264	897
264	921
264	964
264	966
265	315
265	397
265	422
265	460
265	516
265	637
265	654
265	940
266	308
266	664
266	956
267	366
267	421
267	798
267	804
267	941
268	355
268	663
269	311
269	354
269	408
269	558
269	633
269	886
269	896
270	335
270	473
270	702
270	830
271	465
271	683
271	713
271	769
271	936
271	991
272	425
272	562
272	691
272	748
272	762
272	906
272	939
273	415
273	619
273	671
273	708
273	893
273	913
274	645
274	847
275	397
275	506
275	542
275	699
275	707
275	831
275	846
275	866
275	888
276	334
276	357
276	601
276	638
276	696
276	707
276	788
276	859
276	862
276	970
277	634
277	692
277	820
278	377
278	641
278	715
278	720
278	802
278	973
279	330
279	459
279	555
279	573
279	749
279	792
279	908
279	943
280	296
280	335
280	417
280	638
280	693
280	717
280	935
281	356
281	440
281	587
281	641
281	693
281	825
282	283
282	317
282	798
282	939
283	325
283	420
283	468
283	595
283	687
283	706
283	765
283	881
283	911
283	917
284	464
284	484
284	513
284	560
284	580
284	657
285	322
285	337
285	485
285	511
285	563
285	576
285	957
286	378
286	394
286	402
286	421
286	660
287	381
287	407
287	408
287	564
287	583
287	585
287	652
287	898
287	994
288	370
288	422
288	507
288	631
288	652
288	828
288	833
288	912
288	952
289	618
289	669
289	735
289	984
289	1000
290	362
290	457
290	488
290	658
290	679
290	729
290	841
291	452
291	694
291	745
291	792
291	817
291	966
291	996
292	318
292	323
292	470
292	479
292	592
292	620
292	632
292	941
293	355
293	446
293	491
293	540
293	717
294	374
294	449
294	626
294	640
294	666
294	713
294	739
294	804
294	891
294	975
294	991
295	348
295	702
295	718
295	880
296	426
296	442
296	546
296	585
296	649
296	687
296	876
297	381
297	501
297	624
297	759
297	775
298	308
298	324
298	348
298	398
298	711
298	979
299	368
299	379
299	507
299	509
299	816
299	831
299	912
299	917
300	615
300	693
300	753
301	503
301	565
301	570
301	580
301	619
301	749
302	333
302	436
302	701
302	778
302	835
302	856
302	924
302	933
303	307
303	457
303	490
303	613
303	701
303	710
303	720
303	834
303	884
303	911
303	986
304	574
304	591
304	675
304	902
305	483
305	510
305	555
305	814
305	936
305	984
306	395
306	487
306	590
306	663
306	748
306	931
307	480
307	498
307	550
307	783
307	877
307	989
308	348
308	366
308	659
308	758
308	857
308	948
309	333
309	441
309	682
309	765
309	882
309	886
309	919
309	924
310	585
310	820
310	836
311	369
311	388
311	394
311	489
311	503
311	667
311	684
311	936
311	961
312	433
312	439
312	539
312	662
312	783
312	935
313	328
313	434
313	523
313	638
313	786
313	911
314	541
314	589
314	596
314	606
314	700
314	785
314	825
314	836
314	889
314	953
314	959
315	332
315	371
315	429
315	576
315	643
315	672
315	919
315	935
315	950
315	957
316	487
316	650
316	665
316	701
316	879
316	903
317	328
317	547
317	583
317	763
318	340
318	435
318	582
318	713
318	773
318	987
319	525
319	807
319	818
320	501
320	516
320	564
320	578
320	609
320	952
320	971
321	322
321	360
321	391
321	454
321	657
321	660
321	826
321	925
322	336
322	337
322	371
322	528
322	579
322	873
322	919
322	963
323	406
323	426
323	498
323	499
323	542
323	546
323	744
323	800
323	802
323	952
324	364
324	407
324	556
324	653
324	756
324	762
324	985
325	374
325	481
325	502
325	572
325	619
325	663
325	777
325	904
325	948
326	358
326	491
326	612
326	621
326	703
326	722
326	899
327	462
327	637
327	714
327	720
327	724
327	963
328	521
328	528
328	557
328	564
328	745
328	920
328	993
329	452
329	518
329	574
329	663
329	698
329	768
329	788
329	790
329	802
329	987
330	498
330	681
330	836
330	946
331	377
331	459
331	534
331	999
332	422
332	423
332	520
332	534
332	598
332	860
333	478
333	636
333	762
334	355
334	500
334	524
334	637
335	440
335	453
335	485
335	703
335	781
335	871
335	878
335	924
335	952
335	980
335	997
336	441
336	446
336	481
336	519
336	687
336	710
336	736
336	744
336	751
336	830
336	833
336	862
336	950
337	388
337	612
337	664
337	667
338	357
338	366
338	399
338	454
338	618
338	716
338	814
338	830
338	893
338	916
339	370
339	594
339	610
339	612
339	636
339	647
339	889
340	349
340	429
340	508
340	530
340	615
340	879
340	887
340	908
340	950
341	390
341	401
341	420
341	558
341	677
342	558
342	953
342	970
342	975
343	501
343	727
343	908
344	518
344	591
344	669
344	712
344	724
344	762
344	823
344	853
344	958
344	963
345	432
345	448
345	585
345	717
345	738
345	773
345	968
345	970
345	981
345	996
346	625
346	696
346	766
347	374
347	619
347	674
347	778
347	837
347	842
348	389
348	606
348	656
348	773
348	789
348	928
349	479
349	537
349	593
349	684
349	755
349	922
349	954
349	961
349	980
349	986
350	418
350	473
350	698
350	717
350	760
350	870
350	881
350	920
350	953
350	964
351	489
351	517
351	556
351	711
351	728
351	905
351	959
352	376
352	412
352	530
352	560
352	759
352	941
353	543
353	623
353	872
353	877
354	450
354	451
354	468
354	545
354	557
354	565
354	970
355	370
355	554
355	563
355	655
355	859
355	943
356	383
356	501
356	523
356	660
356	695
356	737
356	889
356	956
357	382
357	496
357	568
357	586
357	614
357	673
357	822
358	405
358	469
358	677
358	682
358	864
358	982
359	484
359	509
359	665
359	680
359	748
359	860
359	924
360	529
360	550
360	581
360	710
360	736
360	921
360	970
361	375
361	385
361	442
361	746
361	772
361	780
361	905
362	419
362	678
362	680
362	730
362	753
362	760
362	799
362	855
363	399
363	564
363	585
363	664
363	933
364	528
364	561
364	668
364	735
364	843
364	898
364	907
364	933
365	379
365	405
365	607
365	613
365	644
365	674
365	691
365	697
365	701
365	964
366	672
366	718
366	983
367	380
367	448
367	757
367	979
368	538
368	699
368	872
368	985
369	434
369	594
369	796
369	859
369	864
369	930
370	387
370	404
370	792
370	830
370	857
370	984
371	435
371	454
371	508
371	596
371	710
371	770
371	775
371	819
371	889
372	504
372	600
372	670
372	754
372	828
372	898
373	715
373	915
373	926
374	485
374	564
374	743
374	817
374	826
375	451
375	464
375	523
375	632
375	641
375	842
375	949
375	987
376	886
376	947
376	958
377	400
377	451
377	465
377	475
377	557
377	622
377	656
377	819
377	824
377	991
378	402
378	441
378	494
378	560
378	907
379	473
379	661
379	691
379	750
379	762
379	772
379	775
379	943
380	498
381	441
381	446
381	503
381	757
381	763
381	815
381	856
381	899
381	921
381	953
381	979
382	398
382	408
382	409
382	449
382	451
382	751
382	773
382	871
382	900
383	679
383	864
384	885
384	905
384	917
385	410
385	582
385	619
385	766
385	845
385	941
386	486
386	490
386	531
386	660
386	759
386	764
386	826
386	934
387	641
387	678
387	796
387	996
387	997
388	389
388	452
388	690
388	818
388	827
388	869
388	898
388	920
388	947
389	402
389	552
389	608
389	717
389	876
389	989
390	437
390	448
390	651
390	698
390	749
390	754
390	774
390	856
390	916
390	983
390	995
390	1000
391	442
391	458
391	576
391	843
392	508
392	678
392	876
392	987
393	394
393	456
393	653
393	730
394	537
394	557
394	790
395	448
395	798
395	833
395	934
396	465
396	815
396	839
396	852
396	899
396	919
396	940
396	955
396	971
397	468
397	498
397	527
397	534
397	540
397	596
397	631
397	903
398	553
398	588
398	710
398	901
399	502
399	581
399	697
399	892
399	910
400	551
400	766
400	803
400	830
400	924
400	934
401	494
401	715
401	741
401	954
402	631
402	704
402	729
402	985
403	571
403	581
403	607
403	753
403	785
403	788
403	885
403	947
403	954
403	1000
404	669
404	699
404	871
405	471
405	489
405	580
405	665
405	887
405	893
405	949
405	961
406	467
406	618
406	702
406	709
406	798
406	927
406	940
407	515
407	699
407	816
407	953
408	644
408	715
408	783
408	837
408	978
408	991
409	553
409	618
409	631
409	811
409	836
409	996
410	443
410	847
410	960
411	422
411	564
411	614
411	618
411	686
411	778
411	801
412	554
412	655
412	673
412	679
412	687
412	761
413	674
413	974
413	981
414	472
414	478
414	496
414	501
414	535
414	716
414	728
414	760
414	931
414	997
415	615
415	918
416	513
416	591
416	847
416	860
416	872
416	874
416	876
416	899
417	520
417	746
417	771
417	818
417	866
417	877
417	948
417	978
418	467
418	563
418	871
419	737
419	878
419	897
419	918
420	633
420	674
420	682
420	703
420	716
420	722
420	770
420	776
420	895
420	906
420	968
421	671
421	710
422	469
422	580
422	626
422	646
422	774
422	822
422	907
422	944
423	436
423	692
423	887
423	954
424	463
424	518
424	554
424	648
424	690
425	428
425	551
425	565
425	725
425	786
425	902
425	965
426	509
426	619
426	690
426	839
426	861
426	962
426	978
427	651
427	659
427	662
427	698
427	727
427	782
427	811
427	863
427	927
428	432
428	574
428	615
428	714
428	727
428	864
428	906
429	695
429	733
429	863
429	894
430	499
430	505
430	519
430	536
430	723
430	725
431	525
431	768
431	787
431	828
431	952
431	962
432	569
432	671
432	831
432	852
432	976
432	992
433	517
433	610
433	673
433	731
433	777
433	927
433	937
434	482
434	487
434	633
434	718
434	875
434	903
434	910
434	997
435	596
435	610
435	653
435	798
435	812
435	950
436	723
436	884
436	997
437	565
437	593
437	605
437	708
437	818
437	829
437	834
437	978
438	465
438	487
438	509
438	527
438	532
438	566
438	602
438	667
439	619
439	688
439	999
439	1000
440	470
440	508
440	528
440	573
440	610
440	683
441	515
441	550
441	871
441	878
442	482
442	580
442	766
442	895
443	538
443	543
443	573
443	782
443	816
444	498
444	522
444	532
444	624
444	673
444	737
445	468
445	544
445	768
445	794
445	834
446	545
446	554
446	589
446	624
446	707
447	465
447	599
447	619
447	843
448	575
448	618
448	628
448	675
448	692
448	782
448	796
448	845
449	721
449	934
450	820
450	894
450	931
451	521
451	532
451	602
451	915
451	959
452	526
453	503
453	661
453	676
453	824
454	470
454	521
454	610
454	709
454	872
454	955
454	995
455	574
455	577
455	942
456	584
456	637
457	469
457	487
457	555
457	619
457	639
457	859
457	861
458	484
458	781
459	669
459	734
459	771
459	825
459	949
460	626
460	690
460	758
460	781
460	980
460	991
461	474
461	510
461	673
461	694
461	704
461	819
461	822
461	831
461	952
462	528
462	592
462	593
462	639
462	715
462	743
462	785
462	893
462	997
463	508
463	509
463	519
463	604
463	889
463	905
463	922
464	575
464	692
464	907
464	918
464	997
465	520
465	538
465	604
465	662
465	739
466	548
466	559
466	725
466	736
466	865
466	881
467	590
467	606
467	666
467	683
467	780
467	808
467	981
468	528
468	643
468	653
468	742
468	749
468	831
468	920
469	606
469	647
469	744
469	866
470	479
470	498
470	870
470	909
470	960
470	967
471	572
471	648
471	675
471	695
471	800
471	839
471	851
471	973
471	974
472	611
472	740
473	484
473	549
473	688
473	733
473	781
473	872
473	927
474	713
474	756
474	917
474	1000
475	526
475	544
475	564
475	726
475	769
475	853
476	487
476	746
476	791
476	794
476	847
476	868
476	876
477	590
477	633
477	644
477	734
477	744
477	776
477	960
477	965
477	976
478	488
478	761
478	899
478	998
479	501
479	550
479	597
479	949
479	987
479	997
480	549
480	605
480	702
480	748
481	506
481	574
481	655
481	679
481	690
481	881
482	679
482	689
482	783
482	858
483	705
483	888
483	889
483	938
484	731
484	867
484	954
484	970
485	553
485	705
485	894
485	900
486	793
487	493
487	529
487	616
487	624
487	636
487	675
487	697
487	705
487	776
487	816
487	849
488	595
488	596
488	851
488	993
489	563
489	606
489	615
489	913
489	914
490	513
490	608
490	760
490	792
490	965
491	592
491	831
492	529
492	596
492	708
492	709
492	799
492	964
493	498
493	589
493	680
493	848
495	653
495	667
495	669
495	734
495	842
495	859
495	957
496	696
496	755
496	897
496	961
496	989
497	548
497	601
497	615
497	650
497	711
497	833
497	967
497	981
498	539
498	648
498	810
498	852
498	947
499	526
499	709
499	928
500	510
500	529
500	639
500	641
500	959
501	539
501	618
501	671
501	922
501	953
502	985
503	746
503	763
503	794
503	864
503	893
503	897
503	900
503	912
504	526
504	613
504	746
504	868
504	944
505	580
505	666
505	735
505	882
506	543
506	826
506	883
507	531
507	586
507	630
507	631
507	686
507	742
507	746
507	849
507	964
508	623
508	654
508	721
508	808
508	904
509	638
509	750
509	771
509	934
509	945
509	958
509	964
510	766
510	981
510	982
510	985
511	574
511	576
511	616
511	703
512	626
512	690
512	902
512	972
513	676
513	741
513	785
513	827
513	849
513	946
514	540
514	635
514	818
514	880
514	899
515	636
515	655
515	726
515	765
515	787
515	869
515	907
515	969
516	559
516	587
516	590
516	615
516	650
516	675
516	845
516	961
516	979
516	989
517	973
518	603
518	693
518	809
518	898
518	920
519	553
519	557
519	756
519	844
519	910
519	941
519	961
519	963
520	618
520	908
520	941
520	997
521	567
521	616
521	631
521	659
521	715
521	735
521	801
521	824
521	829
521	877
522	551
522	557
522	600
522	685
522	703
522	737
523	536
523	794
523	819
523	890
524	665
524	880
525	573
525	610
525	667
525	949
526	671
526	866
526	874
526	917
526	947
527	654
527	792
527	903
527	927
528	570
528	688
528	818
528	957
528	962
528	978
529	662
529	666
529	849
530	584
530	700
530	801
530	929
530	931
530	934
531	595
531	630
531	673
531	730
531	775
532	594
532	746
532	820
532	895
532	977
532	988
533	652
533	698
533	726
533	750
533	785
533	814
533	967
534	613
534	700
534	712
534	716
534	807
534	840
534	913
534	977
535	648
535	716
536	582
536	604
536	702
536	838
537	633
537	776
537	817
537	928
537	946
538	614
538	628
538	635
539	731
539	927
540	846
540	892
540	999
541	718
541	731
541	798
541	854
541	918
542	616
542	694
542	715
542	730
542	797
542	820
542	945
543	573
543	641
543	705
543	740
543	761
543	771
543	860
543	913
543	935
544	580
544	775
544	786
544	982
545	747
545	809
545	836
545	881
545	969
546	651
546	661
546	921
547	809
548	564
548	662
548	717
548	876
548	914
548	952
549	581
549	658
549	794
549	804
549	896
550	576
550	998
551	579
551	774
551	818
551	962
551	996
552	694
552	929
552	996
553	567
553	737
553	754
553	882
553	912
553	933
554	727
554	818
554	847
554	918
554	926
554	971
554	975
555	557
555	611
555	642
555	836
556	602
556	779
556	799
556	875
556	877
556	898
557	558
557	663
557	677
557	779
557	971
558	785
558	807
558	837
558	875
559	680
559	766
559	799
559	819
560	620
560	713
560	727
560	754
560	951
561	577
561	770
561	882
561	932
561	990
562	568
562	606
563	568
563	707
563	926
563	949
564	568
564	672
564	785
564	819
565	683
565	687
565	711
565	782
565	803
565	822
565	851
565	893
565	923
566	611
566	802
566	937
566	973
567	590
567	713
567	759
567	948
568	739
568	780
568	841
568	931
568	993
569	577
569	666
569	667
569	881
570	594
570	627
570	653
570	728
570	750
570	977
571	599
571	625
571	661
571	758
572	686
572	800
573	693
573	935
574	615
574	914
574	952
575	681
575	883
576	609
576	618
576	655
576	864
577	690
577	847
577	932
577	946
578	769
578	851
578	853
578	1000
579	813
579	819
579	824
579	915
580	734
580	827
580	904
580	909
581	586
581	666
581	689
581	808
581	875
582	583
582	627
582	739
582	911
583	681
583	734
583	780
583	802
583	972
583	998
584	737
584	800
585	759
585	913
585	967
586	614
586	660
586	688
586	721
586	795
587	628
587	684
587	688
587	763
587	771
587	970
587	995
588	609
588	666
588	739
588	745
588	850
588	856
588	884
588	913
589	789
589	864
589	968
590	623
590	639
590	705
590	713
590	741
590	906
591	700
591	729
591	928
591	950
592	606
592	710
592	814
592	859
592	918
594	681
594	807
594	902
594	924
594	935
594	947
594	952
595	694
595	752
595	886
596	637
596	809
597	730
597	917
598	650
599	697
599	919
599	954
600	601
600	644
600	667
600	777
600	843
600	882
600	939
600	943
600	951
602	607
602	638
602	738
602	826
602	974
602	992
603	675
603	724
603	771
603	806
603	830
603	851
603	881
604	613
604	616
604	963
606	827
607	654
607	690
607	764
607	831
607	861
607	910
608	694
608	740
608	763
608	768
608	827
608	850
608	902
609	818
609	822
610	651
610	764
610	797
610	813
610	858
610	897
610	918
611	632
611	662
611	735
611	771
612	744
612	773
612	933
613	658
613	699
613	747
613	857
614	741
614	846
614	855
615	622
615	678
615	961
615	963
616	631
616	852
617	670
617	731
618	703
618	833
618	943
618	994
619	748
619	842
619	847
619	885
619	936
619	937
619	943
620	636
620	658
620	662
620	782
620	857
620	899
620	900
620	964
621	624
621	667
621	745
621	753
621	759
621	825
621	852
621	904
621	910
621	942
622	699
622	738
623	627
623	847
624	643
624	840
624	851
624	896
624	962
625	715
625	821
625	847
626	691
626	753
626	911
626	931
627	720
627	742
627	834
627	917
628	713
628	783
628	887
629	775
629	837
630	686
630	785
630	836
630	974
631	700
631	784
631	806
631	925
631	972
632	692
632	708
633	932
633	963
633	972
633	977
634	778
634	896
635	826
635	943
636	665
636	697
636	731
636	801
636	895
637	816
637	827
638	659
638	863
638	876
638	902
639	872
640	741
640	762
640	773
640	776
640	978
641	673
641	947
642	714
642	827
643	727
643	757
643	910
644	684
644	787
644	923
645	752
645	910
645	956
646	682
646	943
646	951
646	970
646	995
647	676
647	837
647	944
647	969
647	986
648	686
648	857
648	979
649	658
649	696
649	762
649	770
650	800
650	960
651	791
651	898
652	661
652	743
652	756
652	801
652	820
652	920
653	719
653	854
653	922
654	666
654	764
655	718
655	954
656	812
656	909
656	990
657	665
657	705
657	731
657	746
657	874
657	916
657	945
658	682
658	796
659	683
659	802
659	869
659	981
660	777
660	782
660	959
661	668
661	722
661	876
662	820
662	872
662	978
663	780
663	847
663	908
663	944
664	728
664	748
664	812
666	691
666	717
666	737
666	762
666	764
666	907
667	733
667	772
667	891
667	981
668	797
668	877
669	801
669	810
669	872
669	966
670	744
670	809
671	682
671	730
671	795
671	890
672	901
672	914
673	744
673	800
673	865
673	993
674	903
675	724
675	799
675	826
675	867
675	874
675	878
675	971
675	973
676	690
676	744
676	814
676	864
676	960
676	971
677	729
677	753
677	855
677	925
678	681
678	696
678	710
678	737
678	742
678	755
678	880
678	882
679	757
680	762
680	862
680	902
681	703
681	739
681	847
682	687
682	707
682	720
682	927
682	942
682	1000
683	742
683	749
683	814
684	711
684	973
685	751
685	773
685	844
685	893
685	901
685	976
686	692
686	734
686	737
686	804
686	850
686	875
686	883
686	946
687	714
687	745
687	787
687	891
687	984
688	918
688	956
688	968
689	702
689	749
689	887
689	979
689	983
690	774
691	716
691	891
691	930
691	944
692	791
692	919
693	703
694	726
694	782
695	766
695	769
695	812
695	897
696	717
696	856
697	708
697	737
697	802
697	824
697	869
697	928
698	711
698	849
698	913
698	955
699	828
699	949
700	703
700	765
700	836
700	863
700	867
700	886
700	900
700	997
701	920
702	764
702	790
702	953
703	819
703	977
704	778
704	821
704	886
705	923
705	960
706	714
706	720
706	729
706	733
706	842
706	872
706	927
706	938
706	977
708	995
709	824
709	841
709	895
710	715
710	927
711	729
711	817
711	855
711	880
711	899
711	901
712	728
712	869
712	883
713	866
713	973
714	757
715	752
715	753
715	791
715	808
715	871
715	946
715	950
715	957
716	816
717	792
718	723
718	856
718	916
718	983
719	817
719	928
720	769
720	851
722	770
722	843
722	852
722	881
722	935
723	762
723	921
724	812
724	917
724	929
725	850
725	947
727	896
728	836
728	890
729	800
729	816
730	863
730	956
731	880
731	892
732	745
732	862
732	897
732	959
733	894
733	1000
734	933
735	749
735	878
735	920
735	943
736	772
736	904
736	913
736	972
739	758
739	844
740	823
740	895
740	899
740	933
745	800
745	824
745	956
746	755
746	837
746	868
746	938
747	860
748	770
748	811
748	861
748	966
748	970
748	985
749	833
749	940
749	969
750	834
750	855
751	975
752	775
752	824
752	876
753	791
754	780
754	789
754	847
754	848
754	856
754	859
755	758
755	802
755	823
755	916
756	769
756	992
756	994
757	767
757	804
757	964
758	778
759	819
759	830
760	870
760	886
761	802
761	817
762	997
763	797
763	934
764	919
765	835
765	848
765	977
765	981
767	850
767	893
767	936
767	964
767	971
768	769
768	848
769	788
769	914
770	976
771	787
772	844
773	774
773	776
773	778
773	780
773	794
773	847
774	828
775	816
776	937
777	843
777	943
777	946
778	853
778	886
778	994
779	827
779	964
780	804
780	842
780	997
781	916
781	987
783	870
784	859
784	878
784	977
785	790
785	858
785	925
785	938
786	904
787	803
787	928
787	937
787	949
788	812
788	817
788	848
789	912
789	964
791	837
791	949
791	981
792	840
792	991
794	839
794	924
795	904
795	991
796	956
797	876
797	990
797	997
798	827
798	836
798	855
798	951
798	965
798	979
798	988
798	997
799	839
799	974
800	870
800	886
800	981
801	943
802	839
802	890
802	939
802	963
802	983
804	812
804	831
804	848
804	892
804	943
805	932
805	938
806	889
808	934
809	993
810	899
810	931
810	949
812	835
813	837
814	911
814	923
814	976
815	824
815	861
815	929
816	909
817	856
817	872
818	982
819	872
819	905
819	916
819	945
820	985
821	872
821	958
821	997
822	872
822	912
822	948
822	963
823	926
824	872
824	884
824	926
825	834
825	857
825	933
826	886
828	898
829	907
829	921
830	856
830	895
831	849
831	867
831	976
831	999
832	864
832	948
833	839
833	954
833	988
834	847
834	862
835	900
836	841
836	893
837	948
837	991
838	984
839	878
840	891
840	982
842	875
842	928
843	894
846	867
846	974
847	880
848	865
848	979
850	951
851	904
851	933
854	949
855	869
855	922
855	944
856	898
856	957
856	968
856	989
858	915
859	971
859	979
860	869
860	889
863	879
863	903
865	887
865	947
865	965
866	895
867	942
868	975
869	942
871	972
872	907
872	962
873	986
874	935
874	953
876	920
876	982
878	981
879	907
879	930
880	994
881	1000
882	925
883	910
885	900
885	979
886	1000
887	992
888	919
890	964
891	996
892	985
894	933
895	935
895	937
895	941
898	999
899	951
899	986
900	917
900	938
901	917
901	931
903	994
905	958
905	969
906	946
907	916
907	939
908	954
908	967
909	925
911	954
912	919
912	920
913	974
916	943
918	920
918	939
918	982
920	961
923	999
926	930
932	998
936	963
937	960
938	957
941	980
941	985
942	990
944	964
944	966
944	972
945	987
945	991
947	967
954	1000
957	998
958	969
959	999
961	987
964	969
965	973
970	985
972	974
973	989
982	990
984	997
987	994
